13.499082	717.133189	0.002726	0.000803
13.497564	717.054022	0.002858	0.000805
13.496046	716.974855	0.002875	0.000663
13.494528	716.895687	0.003121	0.000800
13.493010	716.816519	0.002889	0.000783
13.491492	716.737350	0.003077	0.000706
13.489974	716.658181	0.002903	0.000635
13.488456	716.579012	0.002919	0.000692
13.486938	716.499841	0.002803	0.000694
13.485420	716.420671	0.003067	0.000798
13.483902	716.341499	0.002912	0.000724
13.482384	716.262328	0.002719	0.000584
13.480866	716.183156	0.002869	0.000777
13.479348	716.103983	0.002847	0.000844
13.477830	716.024810	0.002655	0.000644
13.476312	715.945636	0.002729	0.000717
13.474794	715.866462	0.002651	0.000678
13.473276	715.787287	0.002686	0.000628
13.471758	715.708112	0.003081	0.000819
13.470240	715.628936	0.002757	0.000627
13.468722	715.549760	0.003151	0.000749
13.467204	715.470583	0.002602	0.000811
13.465686	715.391406	0.003033	0.000759
13.464168	715.312228	0.002823	0.000652
13.462650	715.233050	0.002820	0.000780
13.461132	715.153871	0.003137	0.000805
13.459614	715.074692	0.002778	0.000638
13.458096	714.995512	0.003132	0.000713
13.456578	714.916332	0.002680	0.000684
13.455060	714.837151	0.002939	0.000782
13.453542	714.757970	0.002600	0.000642
13.452024	714.678788	0.002822	0.000794
13.450506	714.599606	0.002801	0.000681
13.448988	714.520423	0.002724	0.000655
13.447470	714.441240	0.002778	0.000838
13.445952	714.362056	0.002887	0.000682
13.444434	714.282872	0.002922	0.000748
13.442916	714.203687	0.002863	0.000661
13.441398	714.124502	0.003251	0.000626
13.439880	714.045316	0.002803	0.000759
13.438362	713.966130	0.002856	0.000754
13.436844	713.886943	0.002650	0.000676
13.435326	713.807756	0.002592	0.000663
13.433808	713.728568	0.002886	0.000696
13.432290	713.649380	0.002791	0.000628
13.430772	713.570191	0.003102	0.000744
13.429254	713.491002	0.002952	0.000698
13.427736	713.411812	0.002913	0.000630
13.426218	713.332622	0.002726	0.000693
13.424700	713.253431	0.002576	0.000589
13.423182	713.174240	0.002648	0.000784
13.421664	713.095048	0.002884	0.000643
13.420146	713.015856	0.002625	0.000702
13.418628	712.936663	0.002751	0.000789
13.417110	712.857470	0.003023	0.000733
13.415592	712.778276	0.002728	0.000796
13.414074	712.699081	0.002835	0.000761
13.412556	712.619887	0.002613	0.000758
13.411038	712.540691	0.002739	0.000812
13.409520	712.461496	0.002883	0.000657
13.408002	712.382299	0.002789	0.000693
13.406484	712.303103	0.003005	0.000667
13.404966	712.223905	0.002657	0.000639
13.403448	712.144708	0.003036	0.000751
13.401930	712.065509	0.002707	0.000640
13.400412	711.986311	0.002686	0.000743
13.398894	711.907111	0.002702	0.000703
13.397376	711.827911	0.002754	0.000637
13.395858	711.748711	0.002770	0.000719
13.394340	711.669510	0.002514	0.000654
13.392822	711.590309	0.002657	0.000658
13.391304	711.511107	0.002889	0.000742
13.389786	711.431905	0.002869	0.000666
13.388268	711.352702	0.002596	0.000650
13.386750	711.273499	0.002756	0.000715
13.385232	711.194295	0.002807	0.000736
13.383714	711.115091	0.002751	0.000507
13.382196	711.035886	0.002982	0.000639
13.380678	710.956681	0.002764	0.000730
13.379160	710.877475	0.002726	0.000630
13.377642	710.798269	0.002939	0.000704
13.376124	710.719062	0.002811	0.000690
13.374606	710.639855	0.002773	0.000686
13.373088	710.560647	0.002824	0.000705
13.371570	710.481439	0.002643	0.000731
13.370052	710.402230	0.003176	0.000689
13.368534	710.323021	0.002906	0.000772
13.367016	710.243811	0.002636	0.000729
13.365498	710.164601	0.002990	0.000688
13.363980	710.085390	0.002791	0.000589
13.362462	710.006179	0.002594	0.000715
13.360944	709.926967	0.002698	0.000716
13.359426	709.847755	0.002731	0.000630
13.357908	709.768542	0.003012	0.000762
13.356390	709.689329	0.002744	0.000679
13.354872	709.610115	0.002529	0.000646
13.353354	709.530901	0.002633	0.000589
13.351836	709.451686	0.002755	0.000694
13.350318	709.372471	0.002611	0.000693
13.348800	709.293255	0.002521	0.000703
13.347282	709.214039	0.002483	0.000715
13.345764	709.134822	0.002816	0.000724
13.344246	709.055605	0.002637	0.000701
13.342728	708.976387	0.002477	0.000590
13.341210	708.897169	0.002528	0.000664
13.339692	708.817950	0.002788	0.000616
13.338174	708.738731	0.002856	0.000614
13.336656	708.659511	0.002749	0.000704
13.335138	708.580291	0.002711	0.000728
13.333620	708.501070	0.002639	0.000657
13.332102	708.421849	0.002829	0.000744
13.330584	708.342628	0.002809	0.000783
13.329066	708.263405	0.002772	0.000644
13.327548	708.184183	0.002700	0.000697
13.326030	708.104959	0.002732	0.000503
13.324512	708.025736	0.002591	0.000756
13.322994	707.946512	0.002658	0.000598
13.321476	707.867287	0.002604	0.000663
13.319958	707.788062	0.002671	0.000584
13.318440	707.708836	0.002547	0.000717
13.316922	707.629610	0.002787	0.000639
13.315404	707.550383	0.002802	0.000623
13.313886	707.471156	0.002662	0.000675
13.312368	707.391928	0.002590	0.000688
13.310850	707.312700	0.002881	0.000685
13.309332	707.233471	0.002638	0.000625
13.307814	707.154242	0.002894	0.000694
13.306296	707.075013	0.002564	0.000667
13.304778	706.995782	0.002459	0.000628
13.303260	706.916552	0.002611	0.000720
13.301742	706.837321	0.002850	0.000776
13.300224	706.758089	0.002761	0.000603
13.298706	706.678857	0.002827	0.000685
13.297188	706.599624	0.002791	0.000660
13.295670	706.520391	0.002703	0.000675
13.294152	706.441157	0.002666	0.000672
13.292634	706.361923	0.002630	0.000721
13.291116	706.282689	0.002406	0.000665
13.289598	706.203454	0.002557	0.000590
13.288080	706.124218	0.002913	0.000631
13.286562	706.044982	0.002655	0.000578
13.285044	705.965745	0.002687	0.000612
13.283526	705.886508	0.002684	0.000698
13.282008	705.807271	0.002343	0.000619
13.280490	705.728033	0.002493	0.000647
13.278972	705.648794	0.002576	0.000655
13.277454	705.569555	0.002591	0.000725
13.275936	705.490315	0.002605	0.000632
13.274418	705.411075	0.002417	0.000753
13.272900	705.331835	0.002567	0.000624
13.271382	705.252594	0.002396	0.000652
13.269864	705.173352	0.002462	0.000592
13.268346	705.094110	0.002712	0.000706
13.266828	705.014868	0.002390	0.000704
13.265310	704.935624	0.002657	0.000717
13.263792	704.856381	0.002823	0.000704
13.262274	704.777137	0.002636	0.000675
13.260756	704.697892	0.002650	0.000633
13.259238	704.618647	0.002564	0.000743
13.257720	704.539402	0.002663	0.000675
13.256202	704.460156	0.002861	0.000649
13.254684	704.380909	0.002591	0.000549
13.253166	704.301662	0.002355	0.000622
13.251648	704.222415	0.002737	0.000656
13.250130	704.143167	0.002518	0.000597
13.248612	704.063918	0.002399	0.000630
13.247094	703.984669	0.002563	0.000621
13.245576	703.905420	0.002545	0.000687
13.244058	703.826170	0.002410	0.000591
13.242540	703.746920	0.002557	0.000648
13.241022	703.667669	0.002472	0.000670
13.239504	703.588417	0.002785	0.000694
13.237986	703.509165	0.002285	0.000573
13.236468	703.429913	0.002548	0.000673
13.234950	703.350660	0.002579	0.000650
13.233432	703.271406	0.002593	0.000690
13.231914	703.192153	0.002657	0.000691
13.230396	703.112898	0.002704	0.000648
13.228878	703.033643	0.002455	0.000692
13.227360	702.954388	0.002502	0.000514
13.225842	702.875132	0.002385	0.000522
13.224324	702.795876	0.002514	0.000625
13.222806	702.716619	0.002496	0.000662
13.221288	702.637361	0.002756	0.000661
13.219770	702.558104	0.002524	0.000583
13.218252	702.478845	0.002571	0.000474
13.216734	702.399586	0.002667	0.000631
13.215216	702.320327	0.002485	0.000604
13.213698	702.241067	0.002745	0.000632
13.212180	702.161807	0.002514	0.000550
13.210662	702.082546	0.002577	0.000670
13.209144	702.003285	0.002754	0.000667
13.207626	701.924023	0.002735	0.000541
13.206108	701.844761	0.002456	0.000583
13.204590	701.765498	0.002389	0.000647
13.203072	701.686235	0.002517	0.000501
13.201554	701.606971	0.002645	0.000598
13.200036	701.527707	0.002416	0.000508
13.198518	701.448442	0.002527	0.000712
13.197000	701.369176	0.002525	0.000662
13.195482	701.289911	0.002733	0.000608
13.193964	701.210645	0.002278	0.000630
13.192446	701.131378	0.002357	0.000536
13.190928	701.052111	0.002468	0.000613
13.189410	700.972843	0.002627	0.000621
13.187892	700.893575	0.002625	0.000673
13.186374	700.814306	0.002446	0.000674
13.184856	700.735037	0.002556	0.000648
13.183338	700.655767	0.002297	0.000526
13.181820	700.576497	0.002584	0.000620
13.180302	700.497226	0.002437	0.000672
13.178784	700.417955	0.002531	0.000753
13.177266	700.338683	0.002593	0.000657
13.175748	700.259411	0.002511	0.000589
13.174230	700.180139	0.002333	0.000617
13.172712	700.100866	0.002539	0.000617
13.171194	700.021592	0.002377	0.000591
13.169676	699.942318	0.002662	0.000730
13.168158	699.863043	0.002341	0.000607
13.166640	699.783768	0.002260	0.000558
13.165122	699.704493	0.002655	0.000605
13.163604	699.625217	0.002383	0.000659
13.162086	699.545940	0.002587	0.000493
13.160568	699.466663	0.002506	0.000626
13.159050	699.387385	0.002456	0.000551
13.157532	699.308107	0.002486	0.000583
13.156014	699.228829	0.002357	0.000613
13.154496	699.149550	0.002560	0.000569
13.152978	699.070270	0.002495	0.000569
13.151460	698.990990	0.002446	0.000578
13.149942	698.911710	0.002491	0.000672
13.148424	698.832429	0.002253	0.000602
13.146906	698.753147	0.002676	0.000653
13.145388	698.673865	0.002406	0.000624
13.143870	698.594583	0.002514	0.000646
13.142352	698.515300	0.002684	0.000634
13.140834	698.436017	0.002353	0.000543
13.139316	698.356733	0.002367	0.000641
13.137798	698.277448	0.002427	0.000600
13.136280	698.198163	0.002206	0.000555
13.134762	698.118878	0.002267	0.000556
13.133244	698.039592	0.002593	0.000583
13.131726	697.960306	0.002715	0.000603
13.130208	697.881019	0.002635	0.000662
13.128690	697.801732	0.002384	0.000618
13.127172	697.722444	0.002491	0.000533
13.125654	697.643155	0.002178	0.000557
13.124136	697.563867	0.002580	0.000492
13.122618	697.484577	0.002562	0.000670
13.121100	697.405288	0.002451	0.000530
13.119582	697.325997	0.002496	0.000625
13.118064	697.246706	0.002478	0.000749
13.116546	697.167415	0.002569	0.000578
13.115028	697.088123	0.002520	0.000512
13.113510	697.008831	0.002426	0.000621
13.111992	696.929538	0.002408	0.000656
13.110474	696.850245	0.002236	0.000603
13.108956	696.770952	0.002635	0.000736
13.107438	696.691657	0.002310	0.000638
13.105920	696.612363	0.002308	0.000588
13.104402	696.533067	0.002429	0.000631
13.102884	696.453772	0.002427	0.000580
13.101366	696.374476	0.002379	0.000588
13.099848	696.295179	0.002484	0.000630
13.098330	696.215882	0.002298	0.000530
13.096812	696.136584	0.002418	0.000523
13.095294	696.057286	0.002416	0.000628
13.093776	695.977988	0.002338	0.000554
13.092258	695.898688	0.002443	0.000628
13.090740	695.819389	0.002243	0.000582
13.089222	695.740089	0.002408	0.000601
13.087704	695.660788	0.002422	0.000638
13.086186	695.581487	0.002617	0.000623
13.084668	695.502186	0.002387	0.000532
13.083150	695.422884	0.002446	0.000587
13.081632	695.343581	0.002277	0.000580
13.080114	695.264278	0.002411	0.000533
13.078596	695.184975	0.002485	0.000543
13.077078	695.105671	0.002332	0.000616
13.075560	695.026366	0.002436	0.000585
13.074042	694.947061	0.002313	0.000520
13.072524	694.867756	0.002265	0.000602
13.071006	694.788450	0.002354	0.000664
13.069488	694.709144	0.002231	0.000540
13.067970	694.629837	0.002290	0.000607
13.066452	694.550529	0.002303	0.000518
13.064934	694.471221	0.002151	0.000600
13.063416	694.391913	0.002269	0.000590
13.061898	694.312604	0.002357	0.000579
13.060380	694.233295	0.002445	0.000466
13.058862	694.153985	0.002353	0.000603
13.057344	694.074675	0.002441	0.000671
13.055826	693.995364	0.002409	0.000603
13.054308	693.916053	0.002527	0.000536
13.052790	693.836741	0.002420	0.000637
13.051272	693.757429	0.002373	0.000551
13.049754	693.678116	0.002356	0.000612
13.048236	693.598803	0.002399	0.000576
13.046718	693.519489	0.002352	0.000562
13.045200	693.440175	0.002172	0.000494
13.043682	693.360860	0.002215	0.000496
13.042164	693.281545	0.002347	0.000535
13.040646	693.202229	0.002359	0.000644
13.039128	693.122913	0.002461	0.000499
13.037610	693.043596	0.002341	0.000631
13.036092	692.964279	0.002265	0.000611
13.034574	692.884962	0.002455	0.000469
13.033056	692.805644	0.002542	0.000581
13.031538	692.726325	0.002274	0.000600
13.030020	692.647006	0.002493	0.000580
13.028502	692.567686	0.002226	0.000626
13.026984	692.488366	0.002371	0.000594
13.025466	692.409046	0.002178	0.000625
13.023948	692.329725	0.002323	0.000555
13.022430	692.250403	0.002454	0.000583
13.020912	692.171081	0.002158	0.000584
13.019394	692.091759	0.002625	0.000572
13.017876	692.012436	0.002242	0.000557
13.016358	691.933112	0.002255	0.000641
13.014840	691.853788	0.002443	0.000604
13.013322	691.774464	0.002222	0.000514
13.011804	691.695139	0.002381	0.000610
13.010286	691.615814	0.002087	0.000506
13.008768	691.536488	0.002421	0.000569
13.007250	691.457161	0.002258	0.000583
13.005732	691.377835	0.002300	0.000469
13.004214	691.298507	0.002182	0.000556
13.002696	691.219180	0.002529	0.000585
13.001178	691.139851	0.002396	0.000669
12.999660	691.060522	0.002307	0.000608
12.998142	690.981193	0.002421	0.000664
12.996624	690.901863	0.002303	0.000629
12.995106	690.822533	0.002388	0.000555
12.993588	690.743202	0.002285	0.000570
12.992070	690.663871	0.002023	0.000491
12.990552	690.584540	0.002368	0.000543
12.989034	690.505207	0.002481	0.000567
12.987516	690.425875	0.002306	0.000545
12.985998	690.346542	0.002218	0.000586
12.984480	690.267208	0.002417	0.000580
12.982962	690.187874	0.002243	0.000515
12.981444	690.108539	0.002413	0.000556
12.979926	690.029204	0.002311	0.000530
12.978408	689.949869	0.002266	0.000589
12.976890	689.870532	0.002422	0.000458
12.975372	689.791196	0.002291	0.000516
12.973854	689.711859	0.002389	0.000591
12.972336	689.632521	0.002216	0.000595
12.970818	689.553183	0.002257	0.000514
12.969300	689.473845	0.002169	0.000527
12.967782	689.394506	0.002253	0.000539
12.966264	689.315167	0.002379	0.000566
12.964746	689.235827	0.002335	0.000484
12.963228	689.156486	0.002361	0.000663
12.961710	689.077145	0.002317	0.000498
12.960192	688.997804	0.002016	0.000524
12.958674	688.918462	0.002341	0.000544
12.957156	688.839120	0.002325	0.000533
12.955638	688.759777	0.002451	0.000515
12.954120	688.680434	0.002449	0.000540
12.952602	688.601090	0.002150	0.000497
12.951084	688.521746	0.002317	0.000506
12.949566	688.442401	0.002315	0.000641
12.948048	688.363056	0.002257	0.000509
12.946530	688.283710	0.002269	0.000612
12.945012	688.204364	0.002225	0.000621
12.943494	688.125017	0.002364	0.000520
12.941976	688.045670	0.002446	0.000543
12.940458	687.966322	0.002192	0.000575
12.938940	687.886974	0.002232	0.000543
12.937422	687.807625	0.002160	0.000570
12.935904	687.728276	0.002158	0.000570
12.934386	687.648927	0.002310	0.000537
12.932868	687.569577	0.002295	0.000572
12.931350	687.490226	0.002293	0.000447
12.929832	687.410875	0.002514	0.000549
12.928314	687.331523	0.002247	0.000585
12.926796	687.252171	0.002329	0.000453
12.925278	687.172819	0.002410	0.000577
12.923760	687.093466	0.002603	0.000631
12.922242	687.014112	0.002281	0.000612
12.920724	686.934759	0.002182	0.000487
12.919206	686.855404	0.002278	0.000546
12.917688	686.776049	0.002151	0.000508
12.916170	686.696694	0.002371	0.000537
12.914652	686.617338	0.002286	0.000576
12.913134	686.537982	0.002367	0.000513
12.911616	686.458625	0.002310	0.000613
12.910098	686.379268	0.002045	0.000647
12.908580	686.299910	0.002044	0.000495
12.907062	686.220551	0.002235	0.000588
12.905544	686.141193	0.002123	0.000437
12.904026	686.061833	0.002438	0.000527
12.902508	685.982474	0.002216	0.000532
12.900990	685.903114	0.002407	0.000537
12.899472	685.823753	0.002391	0.000531
12.897954	685.744392	0.002210	0.000429
12.896436	685.665030	0.002332	0.000547
12.894918	685.585668	0.002262	0.000611
12.893400	685.506305	0.002205	0.000427
12.891882	685.426942	0.002504	0.000526
12.890364	685.347579	0.002092	0.000565
12.888846	685.268215	0.002186	0.000540
12.887328	685.188850	0.002252	0.000523
12.885810	685.109485	0.002346	0.000536
12.884292	685.030120	0.002399	0.000466
12.882774	684.950754	0.002260	0.000635
12.881256	684.871387	0.002204	0.000490
12.879738	684.792020	0.002406	0.000445
12.878220	684.712653	0.002228	0.000556
12.876702	684.633285	0.002036	0.000584
12.875184	684.553917	0.002211	0.000607
12.873666	684.474548	0.002155	0.000476
12.872148	684.395178	0.002356	0.000627
12.870630	684.315809	0.002489	0.000545
12.869112	684.236438	0.002176	0.000523
12.867594	684.157067	0.002323	0.000459
12.866076	684.077696	0.002375	0.000555
12.864558	683.998324	0.002252	0.000489
12.863040	683.918952	0.002075	0.000569
12.861522	683.839580	0.002127	0.000460
12.860004	683.760206	0.002125	0.000433
12.858486	683.680833	0.002164	0.000496
12.856968	683.601459	0.001974	0.000438
12.855450	683.522084	0.002308	0.000481
12.853932	683.442709	0.002078	0.000558
12.852414	683.363333	0.002385	0.000539
12.850896	683.283957	0.002289	0.000541
12.849378	683.204581	0.002381	0.000493
12.847860	683.125204	0.002205	0.000512
12.846342	683.045826	0.002390	0.000563
12.844824	682.966448	0.002268	0.000553
12.843306	682.887070	0.002186	0.000524
12.841788	682.807691	0.002451	0.000515
12.840270	682.728311	0.002369	0.000597
12.838752	682.648932	0.002341	0.000567
12.837234	682.569551	0.002179	0.000367
12.835716	682.490170	0.002310	0.000556
12.834198	682.410789	0.002216	0.000607
12.832680	682.331407	0.002479	0.000638
12.831162	682.252025	0.002305	0.000465
12.829644	682.172642	0.002197	0.000538
12.828126	682.093259	0.002169	0.000541
12.826608	682.013875	0.002101	0.000533
12.825090	681.934491	0.002469	0.000539
12.823572	681.855106	0.002216	0.000487
12.822054	681.775721	0.002122	0.000531
12.820536	681.696335	0.002397	0.000546
12.819018	681.616949	0.002198	0.000522
12.817500	681.537563	0.002275	0.000501
12.815982	681.458176	0.002431	0.000592
12.814464	681.378788	0.002311	0.000540
12.812946	681.299400	0.002361	0.000557
12.811428	681.220012	0.002307	0.000473
12.809910	681.140623	0.002200	0.000484
12.808392	681.061233	0.002591	0.000441
12.806874	680.981843	0.002118	0.000421
12.805356	680.902453	0.002273	0.000458
12.803838	680.823062	0.002180	0.000579
12.802320	680.743670	0.002191	0.000566
12.800802	680.664279	0.002346	0.000533
12.799284	680.584886	0.002370	0.000519
12.797766	680.505493	0.002485	0.000492
12.796248	680.426100	0.002171	0.000537
12.794730	680.346706	0.002079	0.000491
12.793212	680.267312	0.002220	0.000584
12.791694	680.187917	0.002257	0.000501
12.790176	680.108522	0.002333	0.000440
12.788658	680.029127	0.002214	0.000544
12.787140	679.949730	0.002239	0.000471
12.785622	679.870334	0.002405	0.000566
12.784104	679.790937	0.002080	0.000521
12.782586	679.711539	0.002272	0.000625
12.781068	679.632141	0.002193	0.000514
12.779550	679.552743	0.002191	0.000446
12.778032	679.473344	0.002331	0.000510
12.776514	679.393944	0.002123	0.000493
12.774996	679.314544	0.002044	0.000539
12.773478	679.235144	0.002235	0.000538
12.771960	679.155743	0.002272	0.000552
12.770442	679.076341	0.002296	0.000632
12.768924	678.996939	0.002230	0.000450
12.767406	678.917537	0.002548	0.000539
12.765888	678.838134	0.002546	0.000497
12.764370	678.758731	0.002250	0.000565
12.762852	678.679327	0.002197	0.000502
12.761334	678.599923	0.002374	0.000646
12.759816	678.520518	0.002219	0.000493
12.758298	678.441113	0.002268	0.000470
12.756780	678.361707	0.002292	0.000521
12.755262	678.282301	0.002265	0.000491
12.753744	678.202894	0.002301	0.000563
12.752226	678.123487	0.002033	0.000480
12.750708	678.044080	0.002577	0.000503
12.749190	677.964672	0.002042	0.000551
12.747672	677.885263	0.002332	0.000550
12.746154	677.805854	0.002229	0.000457
12.744636	677.726445	0.002100	0.000494
12.743118	677.647035	0.002389	0.000575
12.741600	677.567624	0.002198	0.000488
12.740082	677.488213	0.002209	0.000472
12.738564	677.408802	0.002384	0.000517
12.737046	677.329390	0.002306	0.000505
12.735528	677.249978	0.002317	0.000528
12.734010	677.170565	0.002353	0.000449
12.732492	677.091152	0.002213	0.000497
12.730974	677.011738	0.002563	0.000552
12.729456	676.932323	0.002385	0.000515
12.727938	676.852909	0.002195	0.000549
12.726420	676.773494	0.002369	0.000533
12.724902	676.694078	0.002279	0.000478
12.723384	676.614662	0.002202	0.000534
12.721866	676.535245	0.002200	0.000473
12.720348	676.455828	0.002249	0.000470
12.718830	676.376410	0.002497	0.000483
12.717312	676.296992	0.002382	0.000472
12.715794	676.217574	0.002193	0.000471
12.714276	676.138155	0.002403	0.000492
12.712758	676.058735	0.002414	0.000549
12.711240	675.979315	0.002387	0.000511
12.709722	675.899895	0.002298	0.000483
12.708204	675.820474	0.002470	0.000461
12.706686	675.741053	0.002518	0.000530
12.705168	675.661631	0.002132	0.000507
12.703650	675.582209	0.002291	0.000625
12.702132	675.502786	0.002302	0.000559
12.700614	675.423362	0.002300	0.000483
12.699096	675.343939	0.002286	0.000480
12.697578	675.264515	0.002444	0.000482
12.696060	675.185090	0.002319	0.000442
12.694542	675.105665	0.002268	0.000535
12.693024	675.026239	0.002475	0.000473
12.691506	674.946813	0.002387	0.000485
12.689988	674.867386	0.002140	0.000533
12.688470	674.787959	0.002617	0.000455
12.686952	674.708532	0.002247	0.000472
12.685434	674.629104	0.002331	0.000484
12.683916	674.549675	0.002525	0.000430
12.682398	674.470246	0.002413	0.000414
12.680880	674.390817	0.002289	0.000519
12.679362	674.311387	0.002434	0.000475
12.677844	674.231957	0.002456	0.000490
12.676326	674.152526	0.002320	0.000574
12.674808	674.073094	0.002428	0.000567
12.673290	673.993663	0.002438	0.000491
12.671772	673.914230	0.002595	0.000429
12.670254	673.834798	0.002215	0.000576
12.668736	673.755364	0.002481	0.000436
12.667218	673.675931	0.002406	0.000494
12.665700	673.596497	0.002441	0.000525
12.664182	673.517062	0.002330	0.000438
12.662664	673.437627	0.002352	0.000458
12.661146	673.358191	0.002459	0.000438
12.659628	673.278755	0.002324	0.000516
12.658110	673.199319	0.002467	0.000433
12.656592	673.119882	0.002405	0.000562
12.655074	673.040444	0.002391	0.000429
12.653556	672.961006	0.002450	0.000457
12.652038	672.881568	0.002424	0.000539
12.650520	672.802129	0.002325	0.000455
12.649002	672.722690	0.002456	0.000453
12.647484	672.643250	0.002550	0.000529
12.645966	672.563809	0.002428	0.000459
12.644448	672.484369	0.002438	0.000455
12.642930	672.404927	0.002412	0.000441
12.641412	672.325486	0.002506	0.000469
12.639894	672.246044	0.002576	0.000429
12.638376	672.166601	0.002514	0.000482
12.636858	672.087158	0.002644	0.000518
12.635340	672.007714	0.002355	0.000506
12.633822	671.928270	0.002508	0.000500
12.632304	671.848826	0.002411	0.000476
12.630786	671.769381	0.002540	0.000482
12.629268	671.689935	0.002479	0.000490
12.627750	671.610489	0.002489	0.000445
12.626232	671.531043	0.002356	0.000444
12.624714	671.451596	0.002354	0.000444
12.623196	671.372148	0.002649	0.000439
12.621678	671.292700	0.002398	0.000388
12.620160	671.213252	0.002432	0.000500
12.618642	671.133803	0.002406	0.000449
12.617124	671.054354	0.002380	0.000391
12.615606	670.974904	0.002521	0.000395
12.614088	670.895454	0.002578	0.000350
12.612570	670.816004	0.002552	0.000437
12.611052	670.736552	0.002609	0.000455
12.609534	670.657101	0.002548	0.000494
12.608016	670.577649	0.002640	0.000446
12.606498	670.498196	0.002509	0.000393
12.604980	670.418743	0.002472	0.000474
12.603462	670.339290	0.002611	0.000483
12.601944	670.259836	0.002562	0.000439
12.600426	670.180381	0.002583	0.000421
12.598908	670.100926	0.002722	0.000434
12.597390	670.021471	0.002556	0.000547
12.595872	669.942015	0.002683	0.000505
12.594354	669.862559	0.002622	0.000378
12.592836	669.783102	0.002562	0.000360
12.591318	669.703645	0.002571	0.000440
12.589800	669.624187	0.002558	0.000384
12.588282	669.544729	0.002731	0.000381
12.586764	669.465270	0.002612	0.000399
12.585246	669.385811	0.002563	0.000396
12.583728	669.306351	0.002585	0.000547
12.582210	669.226891	0.002641	0.000449
12.580692	669.147431	0.002685	0.000442
12.579174	669.067970	0.002683	0.000442
12.577656	668.988508	0.002658	0.000445
12.576138	668.909046	0.002679	0.000460
12.574620	668.829584	0.002723	0.000468
12.573102	668.750121	0.002478	0.000379
12.571584	668.670657	0.002627	0.000426
12.570066	668.591194	0.002763	0.000506
12.568548	668.511729	0.002750	0.000405
12.567030	668.432265	0.002713	0.000466
12.565512	668.352799	0.002769	0.000474
12.563994	668.273334	0.002686	0.000453
12.562476	668.193867	0.002822	0.000456
12.560958	668.114401	0.002728	0.000375
12.559440	668.034934	0.002657	0.000374
12.557922	667.955466	0.002758	0.000454
12.556404	667.875998	0.002986	0.000432
12.554886	667.796529	0.002708	0.000411
12.553368	667.717060	0.002740	0.000429
12.551850	667.637591	0.002475	0.000497
12.550332	667.558121	0.002587	0.000432
12.548814	667.478651	0.002803	0.000569
12.547296	667.399180	0.002709	0.000436
12.545778	667.319708	0.002775	0.000445
12.544260	667.240237	0.002762	0.000460
12.542742	667.160764	0.002805	0.000507
12.541224	667.081292	0.002826	0.000421
12.539706	667.001818	0.002938	0.000519
12.538188	666.922345	0.003004	0.000527
12.536670	666.842871	0.002842	0.000546
12.535152	666.763396	0.002874	0.000447
12.533634	666.683921	0.003065	0.000492
12.532116	666.604445	0.002824	0.000380
12.530598	666.524969	0.002902	0.000388
12.529080	666.445493	0.002967	0.000478
12.527562	666.366016	0.003067	0.000504
12.526044	666.286538	0.003189	0.000587
12.524526	666.207061	0.003141	0.000550
12.523008	666.127582	0.002936	0.000497
12.521490	666.048103	0.002979	0.000553
12.519972	665.968624	0.002943	0.000495
12.518454	665.889144	0.003188	0.000579
12.516936	665.809664	0.003163	0.000531
12.515418	665.730183	0.003026	0.000399
12.513900	665.650702	0.003125	0.000483
12.512382	665.571221	0.003134	0.000494
12.510864	665.491738	0.003098	0.000494
12.509346	665.412256	0.002983	0.000447
12.507828	665.332773	0.003127	0.000540
12.506310	665.253289	0.003023	0.000413
12.504792	665.173805	0.003234	0.000518
12.503274	665.094321	0.003131	0.000618
12.501756	665.014836	0.003229	0.000468
12.500238	664.935351	0.003025	0.000497
12.498720	664.855865	0.003202	0.000467
12.497202	664.776379	0.003288	0.000478
12.495684	664.696892	0.003186	0.000553
12.494166	664.617405	0.003294	0.000449
12.492648	664.537917	0.003281	0.000477
12.491130	664.458429	0.003034	0.000487
12.489612	664.378940	0.003287	0.000530
12.488094	664.299451	0.003518	0.000489
12.486576	664.219961	0.003171	0.000505
12.485058	664.140471	0.003479	0.000547
12.483540	664.060981	0.003510	0.000549
12.482022	663.981490	0.003219	0.000479
12.480504	663.901998	0.003549	0.000520
12.478986	663.822507	0.003325	0.000440
12.477468	663.743014	0.003510	0.000487
12.475950	663.663521	0.003452	0.000447
12.474432	663.584028	0.003494	0.000517
12.472914	663.504534	0.003579	0.000467
12.471396	663.425040	0.003445	0.000512
12.469878	663.345545	0.003420	0.000523
12.468360	663.266050	0.003341	0.000452
12.466842	663.186555	0.003580	0.000570
12.465324	663.107058	0.003489	0.000559
12.463806	663.027562	0.003476	0.000558
12.462288	662.948065	0.003615	0.000503
12.460770	662.868567	0.003941	0.000689
12.459252	662.789069	0.003676	0.000529
12.457734	662.709571	0.003585	0.000550
12.456216	662.630072	0.003626	0.000464
12.454698	662.550573	0.003580	0.000457
12.453180	662.471073	0.003992	0.000675
12.451662	662.391573	0.003596	0.000516
12.450144	662.312072	0.003714	0.000457
12.448626	662.232571	0.003765	0.000565
12.447108	662.153069	0.003762	0.000476
12.445590	662.073567	0.003694	0.000462
12.444072	661.994064	0.003865	0.000618
12.442554	661.914561	0.004047	0.000511
12.441036	661.835058	0.003795	0.000494
12.439518	661.755554	0.003629	0.000542
12.438000	661.676049	0.003811	0.000629
12.436482	661.596544	0.003970	0.000673
12.434964	661.517039	0.003989	0.000607
12.433446	661.437533	0.004040	0.000554
12.431928	661.358027	0.004026	0.000663
12.430410	661.278520	0.003883	0.000529
12.428892	661.199013	0.004085	0.000574
12.427374	661.119505	0.004028	0.000592
12.425856	661.039997	0.003885	0.000504
12.424338	660.960488	0.004248	0.000672
12.422820	660.880979	0.004395	0.000694
12.421302	660.801470	0.004295	0.000624
12.419784	660.721960	0.004549	0.000869
12.418266	660.642449	0.004385	0.000724
12.416748	660.562938	0.004425	0.000591
12.415230	660.483427	0.004154	0.000516
12.413712	660.403915	0.004236	0.000486
12.412194	660.324402	0.004500	0.000637
12.410676	660.244890	0.004486	0.000719
12.409158	660.165376	0.004536	0.000665
12.407640	660.085863	0.004277	0.000707
12.406122	660.006348	0.004626	0.000754
12.404604	659.926834	0.004505	0.000584
12.403086	659.847319	0.004640	0.000706
12.401568	659.767803	0.004403	0.000675
12.400050	659.688287	0.005026	0.000738
12.398532	659.608771	0.004524	0.000655
12.397014	659.529254	0.005146	0.000814
12.395496	659.449736	0.004687	0.000712
12.393978	659.370218	0.004948	0.000685
12.392460	659.290700	0.004976	0.000821
12.390942	659.211181	0.004951	0.000752
12.389424	659.131662	0.005328	0.000906
12.387906	659.052142	0.004997	0.000853
12.386388	658.972622	0.005183	0.000718
12.384870	658.893101	0.005169	0.000744
12.383352	658.813580	0.005049	0.000765
12.381834	658.734058	0.005193	0.000842
12.380316	658.654536	0.005168	0.000845
12.378798	658.575014	0.005564	0.000727
12.377280	658.495491	0.005465	0.000763
12.375762	658.415967	0.005461	0.000762
12.374244	658.336443	0.005930	0.000896
12.372726	658.256919	0.005611	0.000925
12.371208	658.177394	0.005481	0.000775
12.369690	658.097869	0.005613	0.000711
12.368172	658.018343	0.005766	0.000784
12.366654	657.938817	0.005552	0.000828
12.365136	657.859290	0.005810	0.000789
12.363618	657.779763	0.005983	0.000704
12.362100	657.700235	0.005791	0.000699
12.360582	657.620707	0.006078	0.000758
12.359064	657.541179	0.006105	0.000674
12.357546	657.461650	0.005913	0.000666
12.356028	657.382120	0.006086	0.000772
12.354510	657.302590	0.006269	0.000753
12.352992	657.223060	0.006243	0.000722
12.351474	657.143529	0.006000	0.000767
12.349956	657.063998	0.006327	0.000679
12.348438	656.984466	0.006240	0.000666
12.346920	656.904934	0.006246	0.000731
12.345402	656.825401	0.006552	0.000752
12.343884	656.745868	0.006650	0.000773
12.342366	656.666334	0.007018	0.000756
12.340848	656.586800	0.006527	0.000731
12.339330	656.507266	0.007121	0.001022
12.337812	656.427731	0.006806	0.000674
12.336294	656.348195	0.007059	0.000873
12.334776	656.268659	0.006838	0.000818
12.333258	656.189123	0.007070	0.001028
12.331740	656.109586	0.007003	0.000930
12.330222	656.030049	0.007224	0.000892
12.328704	655.950511	0.006962	0.000897
12.327186	655.870973	0.007162	0.000873
12.325668	655.791434	0.007485	0.000976
12.324150	655.711895	0.007930	0.000848
12.322632	655.632355	0.007576	0.000865
12.321114	655.552815	0.007612	0.000900
12.319596	655.473275	0.007453	0.000748
12.318078	655.393734	0.007805	0.000879
12.316560	655.314192	0.008208	0.000916
12.315042	655.234651	0.007529	0.000789
12.313524	655.155108	0.008064	0.000804
12.312006	655.075565	0.008129	0.000922
12.310488	654.996022	0.008164	0.000928
12.308970	654.916478	0.008240	0.000698
12.307452	654.836934	0.008305	0.000862
12.305934	654.757390	0.008116	0.000878
12.304416	654.677844	0.008151	0.001095
12.302898	654.598299	0.008713	0.000743
12.301380	654.518753	0.008413	0.000902
12.299862	654.439206	0.008994	0.000868
12.298344	654.359659	0.008988	0.000905
12.296826	654.280112	0.009436	0.000723
12.295308	654.200564	0.008793	0.000976
12.293790	654.121016	0.009090	0.000821
12.292272	654.041467	0.009002	0.000853
12.290754	653.961918	0.009157	0.001126
12.289236	653.882368	0.009665	0.000968
12.287718	653.802818	0.009789	0.001089
12.286200	653.723267	0.009902	0.000929
12.284682	653.643716	0.010046	0.001437
12.283164	653.564165	0.009677	0.000902
12.281646	653.484613	0.010012	0.001000
12.280128	653.405060	0.009613	0.000893
12.278610	653.325507	0.009917	0.000960
12.277092	653.245954	0.010351	0.000843
12.275574	653.166400	0.010414	0.000921
12.274056	653.086846	0.010436	0.000976
12.272538	653.007291	0.010639	0.000944
12.271020	652.927736	0.011051	0.001159
12.269502	652.848180	0.011133	0.001001
12.267984	652.768624	0.011474	0.001231
12.266466	652.689067	0.011217	0.000980
12.264948	652.609510	0.011538	0.001070
12.263430	652.529953	0.011579	0.000930
12.261912	652.450395	0.011740	0.001134
12.260394	652.370836	0.011921	0.001144
12.258876	652.291277	0.012370	0.001217
12.257358	652.211718	0.012629	0.000937
12.255840	652.132158	0.012302	0.001088
12.254322	652.052598	0.012095	0.001066
12.252804	651.973037	0.013097	0.001417
12.251286	651.893476	0.012425	0.001017
12.249768	651.813915	0.013049	0.000978
12.248250	651.734352	0.013386	0.000958
12.246732	651.654790	0.013564	0.001418
12.245214	651.575227	0.013792	0.001050
12.243696	651.495663	0.013555	0.001185
12.242178	651.416100	0.014502	0.001200
12.240660	651.336535	0.014354	0.000948
12.239142	651.256970	0.014383	0.001215
12.237624	651.177405	0.014314	0.001373
12.236106	651.097839	0.014540	0.001200
12.234588	651.018273	0.014392	0.001256
12.233070	650.938706	0.014951	0.001140
12.231552	650.859139	0.015097	0.001484
12.230034	650.779572	0.016048	0.001488
12.228516	650.700004	0.015840	0.001287
12.226998	650.620435	0.015829	0.001389
12.225480	650.540866	0.015818	0.001561
12.223962	650.461297	0.015690	0.001210
12.222444	650.381727	0.016587	0.001299
12.220926	650.302157	0.016849	0.001102
12.219408	650.222586	0.017140	0.001418
12.217890	650.143015	0.017059	0.001178
12.216372	650.063443	0.017944	0.001302
12.214854	649.983871	0.017678	0.001353
12.213336	649.904298	0.018346	0.000934
12.211818	649.824725	0.018470	0.001102
12.210300	649.745152	0.019011	0.001240
12.208782	649.665578	0.019318	0.001170
12.207264	649.586003	0.019498	0.001833
12.205746	649.506429	0.019766	0.001382
12.204228	649.426853	0.018909	0.001077
12.202710	649.347277	0.020648	0.001442
12.201192	649.267701	0.020576	0.001339
12.199674	649.188125	0.019962	0.001534
12.198156	649.108547	0.020663	0.001053
12.196638	649.028970	0.020958	0.001343
12.195120	648.949392	0.021811	0.001376
12.193602	648.869813	0.021786	0.001535
12.192084	648.790234	0.022542	0.001228
12.190566	648.710655	0.022574	0.001452
12.189048	648.631075	0.023069	0.001571
12.187530	648.551495	0.022110	0.001522
12.186012	648.471914	0.023248	0.001449
12.184494	648.392333	0.023808	0.001497
12.182976	648.312751	0.024204	0.001350
12.181458	648.233169	0.024120	0.001661
12.179940	648.153586	0.024429	0.001522
12.178422	648.074003	0.025082	0.001655
12.176904	647.994419	0.025878	0.001664
12.175386	647.914835	0.026157	0.001189
12.173868	647.835251	0.026396	0.001712
12.172350	647.755666	0.026617	0.001411
12.170832	647.676081	0.027047	0.001693
12.169314	647.596495	0.028058	0.001987
12.167796	647.516909	0.027677	0.001604
12.166278	647.437322	0.028333	0.001610
12.164760	647.357735	0.028733	0.001459
12.163242	647.278147	0.029245	0.001801
12.161724	647.198559	0.029643	0.001425
12.160206	647.118971	0.029927	0.001576
12.158688	647.039382	0.030637	0.001383
12.157170	646.959792	0.031052	0.001740
12.155652	646.880202	0.031675	0.001559
12.154134	646.800612	0.031890	0.001969
12.152616	646.721021	0.033126	0.001686
12.151098	646.641430	0.032914	0.001920
12.149580	646.561838	0.033686	0.002008
12.148062	646.482246	0.034172	0.001882
12.146544	646.402654	0.034394	0.002146
12.145026	646.323060	0.034522	0.001753
12.143508	646.243467	0.034903	0.001989
12.141990	646.163873	0.036442	0.001994
12.140472	646.084279	0.036220	0.001664
12.138954	646.004684	0.036684	0.001369
12.137436	645.925088	0.037477	0.001441
12.135918	645.845493	0.037639	0.001728
12.134400	645.765896	0.039190	0.001762
12.132882	645.686300	0.039360	0.002091
12.131364	645.606702	0.039343	0.002487
12.129846	645.527105	0.040365	0.001759
12.128328	645.447507	0.040768	0.001600
12.126810	645.367908	0.040703	0.002162
12.125292	645.288309	0.041320	0.001870
12.123774	645.208710	0.041497	0.002283
12.122256	645.129110	0.043373	0.002020
12.120738	645.049510	0.043997	0.002272
12.119220	644.969909	0.043687	0.001805
12.117702	644.890308	0.045586	0.002065
12.116184	644.810706	0.046905	0.001609
12.114666	644.731104	0.046677	0.001955
12.113148	644.651501	0.047306	0.001942
12.111630	644.571898	0.048156	0.002296
12.110112	644.492295	0.047808	0.002365
12.108594	644.412691	0.048249	0.002582
12.107076	644.333087	0.049588	0.002407
12.105558	644.253482	0.050972	0.001954
12.104040	644.173876	0.051243	0.002263
12.102522	644.094271	0.052356	0.002278
12.101004	644.014664	0.052931	0.002433
12.099486	643.935058	0.053265	0.002663
12.097968	643.855451	0.054725	0.002312
12.096450	643.775843	0.055555	0.002838
12.094932	643.696235	0.056679	0.001975
12.093414	643.616627	0.056761	0.001799
12.091896	643.537018	0.058021	0.002112
12.090378	643.457408	0.058507	0.002370
12.088860	643.377799	0.060150	0.002794
12.087342	643.298188	0.059696	0.002412
12.085824	643.218578	0.060070	0.002191
12.084306	643.138966	0.062599	0.002231
12.082788	643.059355	0.062328	0.001970
12.081270	642.979743	0.064302	0.002084
12.079752	642.900130	0.064250	0.001866
12.078234	642.820517	0.066770	0.002994
12.076716	642.740904	0.066414	0.002668
12.075198	642.661290	0.068262	0.002734
12.073680	642.581676	0.068472	0.003070
12.072162	642.502061	0.069855	0.002573
12.070644	642.422446	0.070679	0.003002
12.069126	642.342830	0.071799	0.002340
12.067608	642.263214	0.073400	0.003268
12.066090	642.183597	0.073893	0.002884
12.064572	642.103980	0.076023	0.003010
12.063054	642.024363	0.077508	0.002797
12.061536	641.944745	0.078861	0.003086
12.060018	641.865126	0.080111	0.003166
12.058500	641.785508	0.080502	0.003111
12.056982	641.705888	0.081129	0.002390
12.055464	641.626269	0.084682	0.002568
12.053946	641.546648	0.083779	0.003290
12.052428	641.467028	0.086605	0.003046
12.050910	641.387407	0.087036	0.002872
12.049392	641.307785	0.087593	0.002580
12.047874	641.228163	0.090344	0.002350
12.046356	641.148541	0.092866	0.002923
12.044838	641.068918	0.091758	0.002441
12.043320	640.989294	0.094113	0.002731
12.041802	640.909671	0.096483	0.002974
12.040284	640.830046	0.096752	0.002502
12.038766	640.750422	0.098856	0.002960
12.037248	640.670797	0.101029	0.003304
12.035730	640.591171	0.103847	0.003268
12.034212	640.511545	0.102692	0.002840
12.032694	640.431918	0.105154	0.003372
12.031176	640.352292	0.106806	0.003667
12.029658	640.272664	0.109603	0.003070
12.028140	640.193036	0.111528	0.002818
12.026622	640.113408	0.111992	0.003001
12.025104	640.033779	0.114163	0.002776
12.023586	639.954150	0.116697	0.003539
12.022068	639.874520	0.118532	0.002407
12.020550	639.794890	0.120328	0.003180
12.019032	639.715260	0.122506	0.004210
12.017514	639.635629	0.124369	0.003962
12.015996	639.555997	0.125160	0.003186
12.014478	639.476366	0.129022	0.003894
12.012960	639.396733	0.131695	0.003944
12.011442	639.317100	0.134080	0.004735
12.009924	639.237467	0.137067	0.003609
12.008406	639.157834	0.137918	0.003264
12.006888	639.078199	0.140339	0.003515
12.005370	638.998565	0.143484	0.003830
12.003852	638.918930	0.145827	0.004616
12.002334	638.839294	0.147485	0.003310
12.000816	638.759659	0.149336	0.004007
11.999298	638.680022	0.153616	0.004533
11.997780	638.600385	0.155664	0.004294
11.996262	638.520748	0.156446	0.003558
11.994744	638.441110	0.159477	0.004198
11.993226	638.361472	0.162011	0.004364
11.991708	638.281834	0.162170	0.004348
11.990190	638.202195	0.167588	0.004200
11.988672	638.122555	0.168131	0.003496
11.987154	638.042915	0.173917	0.003794
11.985636	637.963275	0.177690	0.004841
11.984118	637.883634	0.178875	0.004086
11.982600	637.803993	0.181201	0.005524
11.981082	637.724351	0.184541	0.003580
11.979564	637.644709	0.185973	0.003779
11.978046	637.565066	0.188815	0.004947
11.976528	637.485423	0.192407	0.004548
11.975010	637.405779	0.195959	0.004598
11.973492	637.326135	0.197030	0.003785
11.971974	637.246491	0.202179	0.006502
11.970456	637.166846	0.205765	0.003921
11.968938	637.087201	0.206567	0.004858
11.967420	637.007555	0.209862	0.004881
11.965902	636.927909	0.215072	0.005352
11.964384	636.848262	0.216868	0.005458
11.962866	636.768615	0.219715	0.004918
11.961348	636.688968	0.222014	0.004419
11.959830	636.609320	0.226746	0.003827
11.958312	636.529671	0.230346	0.003792
11.956794	636.450022	0.230059	0.004476
11.955276	636.370373	0.237697	0.005200
11.953758	636.290723	0.235871	0.005484
11.952240	636.211073	0.239482	0.004403
11.950722	636.131422	0.243599	0.004483
11.949204	636.051771	0.248188	0.005333
11.947686	635.972119	0.248341	0.005006
11.946168	635.892467	0.253404	0.004659
11.944650	635.812815	0.253268	0.003740
11.943132	635.733162	0.256966	0.004639
11.941614	635.653509	0.259737	0.005780
11.940096	635.573855	0.263029	0.004787
11.938578	635.494201	0.267248	0.005356
11.937060	635.414546	0.268749	0.005044
11.935542	635.334891	0.273218	0.004815
11.934024	635.255235	0.272227	0.004830
11.932506	635.175579	0.278570	0.004422
11.930988	635.095923	0.279432	0.004540
11.929470	635.016266	0.284423	0.006174
11.927952	634.936608	0.286208	0.005238
11.926434	634.856951	0.289902	0.005157
11.924916	634.777292	0.289307	0.004870
11.923398	634.697634	0.291436	0.005116
11.921880	634.617974	0.296053	0.004637
11.920362	634.538315	0.298902	0.005638
11.918844	634.458655	0.302114	0.004752
11.917326	634.378994	0.300898	0.005356
11.915808	634.299333	0.307145	0.004061
11.914290	634.219672	0.310108	0.005617
11.912772	634.140010	0.313425	0.004803
11.911254	634.060348	0.316959	0.004720
11.909736	633.980685	0.319416	0.006209
11.908218	633.901022	0.323189	0.005767
11.906700	633.821358	0.325341	0.005628
11.905182	633.741694	0.326556	0.005892
11.903664	633.662030	0.326937	0.004959
11.902146	633.582365	0.334243	0.006442
11.900628	633.502699	0.335955	0.006768
11.899110	633.423034	0.333535	0.006177
11.897592	633.343367	0.337702	0.005870
11.896074	633.263701	0.341504	0.006248
11.894556	633.184033	0.342521	0.006558
11.893038	633.104366	0.349059	0.006242
11.891520	633.024698	0.348532	0.005979
11.890002	632.945029	0.350083	0.005820
11.888484	632.865360	0.350856	0.005660
11.886966	632.785691	0.354914	0.006169
11.885448	632.706021	0.357187	0.006622
11.883930	632.626351	0.359382	0.006057
11.882412	632.546680	0.362075	0.005520
11.880894	632.467009	0.362392	0.005334
11.879376	632.387337	0.370046	0.004727
11.877858	632.307665	0.367790	0.005905
11.876340	632.227993	0.369493	0.007453
11.874822	632.148320	0.368952	0.006021
11.873304	632.068646	0.371105	0.005666
11.871786	631.988973	0.371109	0.007580
11.870268	631.909298	0.375210	0.003476
11.868750	631.829624	0.372306	0.006649
11.867232	631.749949	0.379338	0.006220
11.865714	631.670273	0.377422	0.005172
11.864196	631.590597	0.384902	0.005450
11.862678	631.510920	0.379276	0.006524
11.861160	631.431243	0.382255	0.004615
11.859642	631.351566	0.378599	0.005587
11.858124	631.271888	0.383233	0.006325
11.856606	631.192210	0.381155	0.005878
11.855088	631.112531	0.387456	0.005875
11.853570	631.032852	0.387566	0.006532
11.852052	630.953173	0.391917	0.005601
11.850534	630.873493	0.392108	0.006908
11.849016	630.793812	0.388893	0.005912
11.847498	630.714131	0.390571	0.004449
11.845980	630.634450	0.395341	0.004808
11.844462	630.554768	0.391127	0.005705
11.842944	630.475086	0.390671	0.005677
11.841426	630.395403	0.394008	0.005928
11.839908	630.315720	0.393145	0.007471
11.838390	630.236036	0.394674	0.006710
11.836872	630.156352	0.393457	0.006042
11.835354	630.076668	0.388565	0.006482
11.833836	629.996983	0.392702	0.006396
11.832318	629.917298	0.391860	0.004808
11.830800	629.837612	0.390919	0.005890
11.829282	629.757926	0.389205	0.005325
11.827764	629.678239	0.389626	0.007883
11.826246	629.598552	0.392836	0.005151
11.824728	629.518864	0.391388	0.006650
11.823210	629.439176	0.386965	0.005217
11.821692	629.359488	0.389325	0.006242
11.820174	629.279799	0.387290	0.005910
11.818656	629.200110	0.388071	0.005169
11.817138	629.120420	0.387147	0.005613
11.815620	629.040730	0.386632	0.006898
11.814102	628.961039	0.383261	0.005902
11.812584	628.881348	0.382799	0.007395
11.811066	628.801656	0.384767	0.004868
11.809548	628.721964	0.380896	0.007344
11.808030	628.642272	0.378802	0.005909
11.806512	628.562579	0.378507	0.005722
11.804994	628.482886	0.377837	0.007750
11.803476	628.403192	0.372944	0.005220
11.801958	628.323498	0.369589	0.005463
11.800440	628.243803	0.370677	0.005955
11.798922	628.164108	0.364966	0.005611
11.797404	628.084413	0.364136	0.006630
11.795886	628.004717	0.366819	0.007429
11.794368	627.925021	0.360349	0.004767
11.792850	627.845324	0.361943	0.004371
11.791332	627.765626	0.359501	0.005290
11.789814	627.685929	0.354897	0.005692
11.788296	627.606231	0.355469	0.005608
11.786778	627.526532	0.349755	0.005083
11.785260	627.446833	0.349205	0.006426
11.783742	627.367134	0.348380	0.006231
11.782224	627.287434	0.347795	0.005821
11.780706	627.207733	0.346653	0.004786
11.779188	627.128032	0.342040	0.005098
11.777670	627.048331	0.339591	0.004721
11.776152	626.968630	0.338379	0.004857
11.774634	626.888927	0.334678	0.006155
11.773116	626.809225	0.334909	0.005086
11.771598	626.729522	0.333787	0.005794
11.770080	626.649819	0.329644	0.005996
11.768562	626.570115	0.331112	0.004906
11.767044	626.490410	0.325903	0.006067
11.765526	626.410706	0.322917	0.004556
11.764008	626.331000	0.321625	0.004818
11.762490	626.251295	0.317915	0.005052
11.760972	626.171589	0.317726	0.005599
11.759454	626.091882	0.312904	0.005097
11.757936	626.012175	0.311533	0.006198
11.756418	625.932468	0.309627	0.004350
11.754900	625.852760	0.306419	0.006679
11.753382	625.773052	0.304431	0.005973
11.751864	625.693343	0.304274	0.004624
11.750346	625.613634	0.301954	0.005064
11.748828	625.533924	0.298104	0.005232
11.747310	625.454214	0.295734	0.005086
11.745792	625.374504	0.295774	0.004787
11.744274	625.294793	0.293926	0.005175
11.742756	625.215082	0.289119	0.004937
11.741238	625.135370	0.285566	0.004659
11.739720	625.055658	0.284006	0.005435
11.738202	624.975945	0.283870	0.005992
11.736684	624.896232	0.282965	0.006471
11.735166	624.816518	0.280924	0.005808
11.733648	624.736804	0.275808	0.003963
11.732130	624.657090	0.274671	0.005218
11.730612	624.577375	0.272600	0.004323
11.729094	624.497660	0.272463	0.005773
11.727576	624.417944	0.269177	0.005065
11.726058	624.338228	0.266828	0.004749
11.724540	624.258511	0.265209	0.003916
11.723022	624.178794	0.263212	0.004633
11.721504	624.099077	0.263137	0.004566
11.719986	624.019359	0.257040	0.004675
11.718468	623.939641	0.256803	0.006093
11.716950	623.859922	0.252530	0.004592
11.715432	623.780203	0.252013	0.004300
11.713914	623.700483	0.249913	0.004387
11.712396	623.620763	0.247170	0.005029
11.710878	623.541042	0.245335	0.005384
11.709360	623.461321	0.244894	0.004176
11.707842	623.381600	0.237359	0.004237
11.706324	623.301878	0.242214	0.004662
11.704806	623.222156	0.238197	0.003846
11.703288	623.142433	0.236828	0.004515
11.701770	623.062710	0.232004	0.004588
11.700252	622.982986	0.233843	0.004794
11.698734	622.903262	0.233073	0.006211
11.697216	622.823538	0.230247	0.004477
11.695698	622.743813	0.227823	0.003487
11.694180	622.664088	0.228238	0.004431
11.692662	622.584362	0.225083	0.005039
11.691144	622.504636	0.223501	0.004415
11.689626	622.424909	0.221204	0.004216
11.688108	622.345182	0.220632	0.004094
11.686590	622.265454	0.219897	0.004019
11.685072	622.185726	0.216133	0.004445
11.683554	622.105998	0.215456	0.003854
11.682036	622.026269	0.211466	0.004612
11.680518	621.946540	0.209774	0.003435
11.679000	621.866810	0.208325	0.003953
11.677482	621.787080	0.209261	0.003794
11.675964	621.707349	0.207317	0.004062
11.674446	621.627618	0.206686	0.004620
11.672928	621.547887	0.204149	0.004298
11.671410	621.468155	0.201042	0.003382
11.669892	621.388423	0.199703	0.004567
11.668374	621.308690	0.200100	0.003704
11.666856	621.228957	0.197135	0.004024
11.665338	621.149223	0.195867	0.004309
11.663820	621.069489	0.192441	0.004588
11.662302	620.989754	0.193489	0.003926
11.660784	620.910019	0.191442	0.004678
11.659266	620.830284	0.190242	0.004278
11.657748	620.750548	0.187289	0.004047
11.656230	620.670812	0.186393	0.004739
11.654712	620.591075	0.181914	0.002963
11.653194	620.511338	0.180341	0.003848
11.651676	620.431601	0.183514	0.003718
11.650158	620.351863	0.179333	0.004116
11.648640	620.272124	0.178398	0.003513
11.647122	620.192385	0.174389	0.003549
11.645604	620.112646	0.176508	0.003322
11.644086	620.032906	0.172167	0.004471
11.642568	619.953166	0.171617	0.004169
11.641050	619.873425	0.169636	0.003100
11.639532	619.793684	0.171316	0.003918
11.638014	619.713943	0.166208	0.003292
11.636496	619.634201	0.166955	0.003287
11.634978	619.554459	0.165447	0.003726
11.633460	619.474716	0.164781	0.004292
11.631942	619.394973	0.164398	0.003921
11.630424	619.315229	0.159697	0.003057
11.628906	619.235485	0.160157	0.003885
11.627388	619.155740	0.158817	0.003274
11.625870	619.075995	0.157844	0.003144
11.624352	618.996250	0.158463	0.003060
11.622834	618.916504	0.157652	0.003957
11.621316	618.836758	0.153952	0.003412
11.619798	618.757011	0.151737	0.003032
11.618280	618.677264	0.153506	0.003231
11.616762	618.597516	0.149146	0.003562
11.615244	618.517768	0.149715	0.003618
11.613726	618.438020	0.146052	0.003758
11.612208	618.358271	0.147328	0.003158
11.610690	618.278522	0.145988	0.002612
11.609172	618.198772	0.144650	0.003413
11.607654	618.119022	0.143790	0.003441
11.606136	618.039271	0.142606	0.002967
11.604618	617.959520	0.142104	0.003620
11.603100	617.879769	0.140038	0.003418
11.601582	617.800017	0.137839	0.003438
11.600064	617.720265	0.139754	0.003909
11.598546	617.640512	0.139149	0.003162
11.597028	617.560759	0.137881	0.003307
11.595510	617.481005	0.135221	0.003647
11.593992	617.401251	0.134408	0.002905
11.592474	617.321496	0.133032	0.003393
11.590956	617.241741	0.132327	0.003104
11.589438	617.161986	0.129917	0.002834
11.587920	617.082230	0.128966	0.003248
11.586402	617.002474	0.129008	0.003803
11.584884	616.922717	0.126340	0.002862
11.583366	616.842960	0.125536	0.003129
11.581848	616.763203	0.124365	0.002929
11.580330	616.683445	0.124461	0.002847
11.578812	616.603686	0.123846	0.003420
11.577294	616.523927	0.120785	0.002763
11.575776	616.444168	0.122289	0.002717
11.574258	616.364408	0.119076	0.002848
11.572740	616.284648	0.121154	0.002688
11.571222	616.204888	0.118034	0.002436
11.569704	616.125127	0.116238	0.002919
11.568186	616.045365	0.116794	0.003092
11.566668	615.965603	0.117766	0.003117
11.565150	615.885841	0.112740	0.003354
11.563632	615.806078	0.113140	0.002687
11.562114	615.726315	0.111977	0.003741
11.560596	615.646552	0.111470	0.003011
11.559078	615.566788	0.109573	0.002481
11.557560	615.487023	0.110754	0.003062
11.556042	615.407258	0.107664	0.003248
11.554524	615.327493	0.106863	0.003705
11.553006	615.247727	0.107859	0.002046
11.551488	615.167961	0.105242	0.003198
11.549970	615.088194	0.103829	0.002672
11.548452	615.008427	0.103136	0.002947
11.546934	614.928660	0.102237	0.002747
11.545416	614.848892	0.101634	0.003224
11.543898	614.769123	0.102311	0.002588
11.542380	614.689355	0.100866	0.002683
11.540862	614.609585	0.098692	0.003120
11.539344	614.529816	0.100624	0.003318
11.537826	614.450046	0.098180	0.002495
11.536308	614.370275	0.098813	0.002327
11.534790	614.290504	0.097256	0.002808
11.533272	614.210733	0.097204	0.002654
11.531754	614.130961	0.094059	0.002612
11.530236	614.051189	0.094377	0.002307
11.528718	613.971416	0.093194	0.002592
11.527200	613.891643	0.091703	0.002458
11.525682	613.811870	0.092433	0.002447
11.524164	613.732096	0.090533	0.003202
11.522646	613.652321	0.090895	0.002635
11.521128	613.572546	0.089923	0.002626
11.519610	613.492771	0.088738	0.002149
11.518092	613.412996	0.089255	0.002634
11.516574	613.333219	0.088548	0.002208
11.515056	613.253443	0.086445	0.003143
11.513538	613.173666	0.087137	0.002107
11.512020	613.093889	0.083626	0.002637
11.510502	613.014111	0.083376	0.002693
11.508984	612.934332	0.083427	0.002595
11.507466	612.854554	0.082448	0.002613
11.505948	612.774775	0.080967	0.002823
11.504430	612.694995	0.082288	0.002703
11.502912	612.615215	0.080102	0.001966
11.501394	612.535435	0.078384	0.002472
11.499876	612.455654	0.078277	0.002329
11.498358	612.375873	0.077392	0.002570
11.496840	612.296091	0.077809	0.002865
11.495322	612.216309	0.076503	0.002775
11.493804	612.136526	0.076281	0.002326
11.492286	612.056743	0.076785	0.002415
11.490768	611.976960	0.073683	0.002163
11.489250	611.897176	0.073644	0.002417
11.487732	611.817392	0.073315	0.002104
11.486214	611.737607	0.072081	0.002444
11.484696	611.657822	0.070906	0.002068
11.483178	611.578036	0.070521	0.002638
11.481660	611.498250	0.070492	0.002181
11.480142	611.418464	0.069638	0.002028
11.478624	611.338677	0.068539	0.001912
11.477106	611.258890	0.069955	0.002108
11.475588	611.179102	0.067753	0.002112
11.474070	611.099314	0.066714	0.002241
11.472552	611.019525	0.067653	0.003022
11.471034	610.939736	0.066104	0.001890
11.469516	610.859947	0.064586	0.001962
11.467998	610.780157	0.065099	0.002245
11.466480	610.700367	0.063777	0.002007
11.464962	610.620576	0.063334	0.001702
11.463444	610.540785	0.063531	0.002250
11.461926	610.460993	0.061364	0.002488
11.460408	610.381201	0.061350	0.002350
11.458890	610.301409	0.061630	0.001676
11.457372	610.221616	0.059909	0.002270
11.455854	610.141823	0.060330	0.001956
11.454336	610.062029	0.059342	0.002460
11.452818	609.982235	0.057617	0.001928
11.451300	609.902440	0.058235	0.001748
11.449782	609.822645	0.056792	0.002087
11.448264	609.742850	0.057006	0.002355
11.446746	609.663054	0.056269	0.002177
11.445228	609.583258	0.054882	0.001768
11.443710	609.503461	0.054815	0.001782
11.442192	609.423664	0.055803	0.001704
11.440674	609.343866	0.054455	0.002026
11.439156	609.264068	0.053340	0.001823
11.437638	609.184270	0.053505	0.002093
11.436120	609.104471	0.052687	0.002040
11.434602	609.024672	0.052439	0.001524
11.433084	608.944872	0.051680	0.001855
11.431566	608.865072	0.051326	0.001990
11.430048	608.785271	0.050774	0.001908
11.428530	608.705470	0.050528	0.001425
11.427012	608.625669	0.049728	0.001761
11.425494	608.545867	0.049163	0.001743
11.423976	608.466065	0.048039	0.001573
11.422458	608.386262	0.048971	0.001847
11.420940	608.306459	0.047813	0.002020
11.419422	608.226656	0.047455	0.001539
11.417904	608.146852	0.046575	0.001716
11.416386	608.067047	0.046558	0.001994
11.414868	607.987242	0.046025	0.001997
11.413350	607.907437	0.046115	0.001741
11.411832	607.827631	0.045173	0.001582
11.410314	607.747825	0.045623	0.001638
11.408796	607.668019	0.044874	0.001969
11.407278	607.588212	0.044244	0.001617
11.405760	607.508404	0.043411	0.001760
11.404242	607.428597	0.041931	0.001742
11.402724	607.348788	0.043212	0.001913
11.401206	607.268980	0.042078	0.001397
11.399688	607.189171	0.041515	0.001403
11.398170	607.109361	0.041115	0.002003
11.396652	607.029551	0.040532	0.001501
11.395134	606.949741	0.040329	0.001277
11.393616	606.869930	0.040723	0.001285
11.392098	606.790119	0.040520	0.001901
11.390580	606.710307	0.039581	0.002047
11.389062	606.630495	0.039007	0.001375
11.387544	606.550682	0.038700	0.001541
11.386026	606.470870	0.038569	0.001648
11.384508	606.391056	0.037555	0.001723
11.382990	606.311242	0.037879	0.001867
11.381472	606.231428	0.037504	0.001927
11.379954	606.151614	0.037800	0.001733
11.378436	606.071799	0.036181	0.001579
11.376918	605.991983	0.036470	0.001879
11.375400	605.912167	0.035356	0.001554
11.373882	605.832351	0.035234	0.001363
11.372364	605.752534	0.035244	0.001624
11.370846	605.672717	0.034948	0.001532
11.369328	605.592899	0.034367	0.001625
11.367810	605.513081	0.034224	0.001553
11.366292	605.433263	0.032830	0.001635
11.364774	605.353444	0.033210	0.001690
11.363256	605.273625	0.033937	0.001421
11.361738	605.193805	0.031961	0.001475
11.360220	605.113985	0.032994	0.001399
11.358702	605.034164	0.032485	0.001463
11.357184	604.954343	0.031421	0.001398
11.355666	604.874522	0.030858	0.001055
11.354148	604.794700	0.030912	0.001850
11.352630	604.714878	0.030495	0.001412
11.351112	604.635055	0.030798	0.001633
11.349594	604.555232	0.029074	0.001478
11.348076	604.475408	0.029267	0.001354
11.346558	604.395584	0.029343	0.001264
11.345040	604.315760	0.029031	0.001423
11.343522	604.235935	0.028865	0.001258
11.342004	604.156110	0.028651	0.001272
11.340486	604.076284	0.028436	0.001288
11.338968	603.996458	0.028443	0.001357
11.337450	603.916631	0.027540	0.001852
11.335932	603.836804	0.027389	0.001358
11.334414	603.756977	0.027293	0.001418
11.332896	603.677149	0.027101	0.001222
11.331378	603.597321	0.026840	0.001549
11.329860	603.517492	0.026476	0.001177
11.328342	603.437663	0.025886	0.001281
11.326824	603.357834	0.026553	0.001306
11.325306	603.278004	0.025606	0.001579
11.323788	603.198174	0.025752	0.001341
11.322270	603.118343	0.024628	0.001170
11.320752	603.038512	0.024822	0.001280
11.319234	602.958680	0.023898	0.001514
11.317716	602.878848	0.024339	0.001178
11.316198	602.799016	0.023985	0.001385
11.314680	602.719183	0.023898	0.001376
11.313162	602.639349	0.023606	0.001457
11.311644	602.559516	0.023417	0.001152
11.310126	602.479682	0.023043	0.001347
11.308608	602.399847	0.023128	0.001262
11.307090	602.320012	0.022618	0.001222
11.305572	602.240177	0.023044	0.001405
11.304054	602.160341	0.022147	0.001353
11.302536	602.080505	0.022163	0.001173
11.301018	602.000668	0.022861	0.001386
11.299500	601.920831	0.021958	0.001326
11.297982	601.840993	0.021035	0.001578
11.296464	601.761155	0.021774	0.001182
11.294946	601.681317	0.021138	0.001219
11.293428	601.601478	0.021148	0.001147
11.291910	601.521639	0.021253	0.001238
11.290392	601.441799	0.020191	0.001484
11.288874	601.361959	0.020487	0.001234
11.287356	601.282119	0.020368	0.001066
11.285838	601.202278	0.020433	0.001370
11.284320	601.122436	0.019766	0.001045
11.282802	601.042595	0.019553	0.001135
11.281284	600.962753	0.019646	0.001162
11.279766	600.882910	0.019298	0.001037
11.278248	600.803067	0.018998	0.000850
11.276730	600.723223	0.019029	0.001136
11.275212	600.643380	0.018669	0.001253
11.273694	600.563535	0.019086	0.000795
11.272176	600.483691	0.018185	0.001152
11.270658	600.403846	0.018238	0.001114
11.269140	600.324000	0.017642	0.000902
11.267622	600.244154	0.018011	0.000915
11.266104	600.164308	0.017383	0.001329
11.264586	600.084461	0.017678	0.001193
11.263068	600.004614	0.017205	0.001027
11.261550	599.924766	0.017109	0.001087
11.260032	599.844918	0.016826	0.001203
11.258514	599.765069	0.016481	0.001120
11.256996	599.685220	0.016460	0.001184
11.255478	599.605371	0.016715	0.000878
11.253960	599.525521	0.016619	0.001012
11.252442	599.445671	0.016337	0.000980
11.250924	599.365821	0.016322	0.001303
11.249406	599.285970	0.015758	0.000893
11.247888	599.206118	0.015811	0.000977
11.246370	599.126266	0.016098	0.001003
11.244852	599.046414	0.015723	0.000950
11.243334	598.966561	0.015776	0.000950
11.241816	598.886708	0.014825	0.000816
11.240298	598.806855	0.015086	0.001054
11.238780	598.727001	0.015313	0.001069
11.237262	598.647146	0.014597	0.001387
11.235744	598.567292	0.014631	0.000845
11.234226	598.487436	0.014931	0.000650
11.232708	598.407581	0.014677	0.000842
11.231190	598.327725	0.014324	0.001214
11.229672	598.247868	0.014424	0.001036
11.228154	598.168011	0.014084	0.001042
11.226636	598.088154	0.013745	0.001019
11.225118	598.008296	0.013672	0.000791
11.223600	597.928438	0.013592	0.001099
11.222082	597.848579	0.013293	0.000800
11.220564	597.768720	0.013713	0.000923
11.219046	597.688861	0.013687	0.001136
11.217528	597.609001	0.013109	0.000934
11.216010	597.529141	0.013077	0.001006
11.214492	597.449280	0.012951	0.000969
11.212974	597.369419	0.012567	0.000879
11.211456	597.289558	0.012807	0.001014
11.209938	597.209696	0.012516	0.000960
11.208420	597.129833	0.012484	0.001042
11.206902	597.049971	0.012207	0.000788
11.205384	596.970107	0.012049	0.000660
11.203866	596.890244	0.012381	0.000843
11.202348	596.810380	0.011694	0.000711
11.200830	596.730515	0.012125	0.001015
11.199312	596.650650	0.012040	0.000890
11.197794	596.570785	0.011527	0.000798
11.196276	596.490919	0.011964	0.000812
11.194758	596.411053	0.011114	0.000627
11.193240	596.331187	0.011392	0.000774
11.191722	596.251320	0.011190	0.001073
11.190204	596.171452	0.011481	0.000899
11.188686	596.091585	0.011594	0.000828
11.187168	596.011716	0.011102	0.000852
11.185650	595.931848	0.011058	0.000828
11.184132	595.851979	0.011066	0.000931
11.182614	595.772109	0.011021	0.000898
11.181096	595.692239	0.010616	0.000653
11.179578	595.612369	0.010486	0.000760
11.178060	595.532498	0.010357	0.000810
11.176542	595.452627	0.010195	0.000854
11.175024	595.372756	0.010518	0.000798
11.173506	595.292884	0.010323	0.000940
11.171988	595.213011	0.009867	0.000825
11.170470	595.133138	0.009915	0.000894
11.168952	595.053265	0.009950	0.000592
11.167434	594.973391	0.009723	0.000906
11.165916	594.893517	0.009862	0.000738
11.164398	594.813643	0.009355	0.000654
11.162880	594.733768	0.009390	0.000685
11.161362	594.653893	0.009568	0.000705
11.159844	594.574017	0.009427	0.000780
11.158326	594.494141	0.009573	0.000858
11.156808	594.414264	0.009693	0.000826
11.155290	594.334387	0.009265	0.000813
11.153772	594.254510	0.009026	0.000617
11.152254	594.174632	0.009100	0.000854
11.150736	594.094754	0.009168	0.000680
11.149218	594.014875	0.009079	0.000699
11.147700	593.934996	0.009017	0.000608
11.146182	593.855117	0.008915	0.000631
11.144664	593.775237	0.008840	0.000902
11.143146	593.695356	0.008108	0.000687
11.141628	593.615476	0.008644	0.000721
11.140110	593.535594	0.008127	0.000582
11.138592	593.455713	0.008500	0.000725
11.137074	593.375831	0.008366	0.000691
11.135556	593.295948	0.008265	0.000708
11.134038	593.216066	0.008042	0.000698
11.132520	593.136182	0.008265	0.000870
11.131002	593.056299	0.007627	0.000773
11.129484	592.976415	0.007895	0.000651
11.127966	592.896530	0.007471	0.000659
11.126448	592.816645	0.007727	0.000816
11.124930	592.736760	0.007885	0.000737
11.123412	592.656874	0.007791	0.000737
11.121894	592.576988	0.007917	0.000711
11.120376	592.497101	0.007655	0.000803
11.118858	592.417214	0.007729	0.000834
11.117340	592.337327	0.007694	0.000709
11.115822	592.257439	0.007484	0.000751
11.114304	592.177551	0.007152	0.000739
11.112786	592.097662	0.007381	0.000656
11.111268	592.017773	0.007288	0.000871
11.109750	591.937884	0.007471	0.000778
11.108232	591.857994	0.007082	0.000683
11.106714	591.778104	0.006835	0.000618
11.105196	591.698213	0.007108	0.000637
11.103678	591.618322	0.007073	0.000637
11.102160	591.538430	0.007012	0.000522
11.100642	591.458538	0.006830	0.000681
11.099124	591.378646	0.007090	0.000624
11.097606	591.298753	0.006766	0.000715
11.096088	591.218860	0.006802	0.000695
11.094570	591.138966	0.006619	0.000634
11.093052	591.059072	0.006616	0.000543
11.091534	590.979178	0.006594	0.000782
11.090016	590.899283	0.006291	0.000606
11.088498	590.819387	0.006397	0.000749
11.086980	590.739492	0.006394	0.000572
11.085462	590.659596	0.006487	0.000552
11.083944	590.579699	0.006089	0.000599
11.082426	590.499802	0.006393	0.000626
11.080908	590.419905	0.006083	0.000620
11.079390	590.340007	0.006298	0.000597
11.077872	590.260109	0.006238	0.000736
11.076354	590.180210	0.006235	0.000579
11.074836	590.100311	0.006162	0.000611
11.073318	590.020412	0.005637	0.000493
11.071800	589.940512	0.005896	0.000404
11.070282	589.860612	0.005906	0.000503
11.068764	589.780711	0.005968	0.000689
11.067246	589.700810	0.005577	0.000534
11.065728	589.620908	0.005874	0.000656
11.064210	589.541006	0.005592	0.000452
11.062692	589.461104	0.005526	0.000427
11.061174	589.381201	0.005365	0.000450
11.059656	589.301298	0.005420	0.000508
11.058138	589.221394	0.005348	0.000556
11.056620	589.141490	0.005314	0.000510
11.055102	589.061586	0.005343	0.000490
11.053584	588.981681	0.005290	0.000634
11.052066	588.901776	0.005016	0.000543
11.050548	588.821870	0.005381	0.000593
11.049030	588.741964	0.005385	0.000541
11.047512	588.662058	0.005028	0.000397
11.045994	588.582151	0.005184	0.000494
11.044476	588.502244	0.005277	0.000529
11.042958	588.422336	0.005022	0.000613
11.041440	588.342428	0.005128	0.000477
11.039922	588.262519	0.004879	0.000635
11.038404	588.182610	0.004713	0.000541
11.036886	588.102701	0.005064	0.000582
11.035368	588.022791	0.004810	0.000556
11.033850	587.942881	0.004840	0.000503
11.032332	587.862970	0.004466	0.000569
11.030814	587.783059	0.004710	0.000532
11.029296	587.703148	0.004607	0.000532
11.027778	587.623236	0.004788	0.000474
11.026260	587.543324	0.004534	0.000535
11.024742	587.463411	0.004470	0.000520
11.023224	587.383498	0.004323	0.000491
11.021706	587.303585	0.004510	0.000504
11.020188	587.223671	0.004596	0.000463
11.018670	587.143756	0.004418	0.000594
11.017152	587.063842	0.004492	0.000659
11.015634	586.983927	0.004716	0.000501
11.014116	586.904011	0.004432	0.000500
11.012598	586.824095	0.004273	0.000436
11.011080	586.744179	0.004472	0.000675
11.009562	586.664262	0.004239	0.000399
11.008044	586.584345	0.004112	0.000533
11.006526	586.504427	0.004091	0.000413
11.005008	586.424509	0.004046	0.000507
11.003490	586.344591	0.004113	0.000491
11.001972	586.264672	0.003999	0.000356
11.000454	586.184753	0.003997	0.000397
10.998936	586.104833	0.003946	0.000688
10.997418	586.024913	0.003794	0.000349
10.995900	585.944992	0.003980	0.000433
10.994382	585.865071	0.004122	0.000480
10.992864	585.785150	0.003902	0.000500
10.991346	585.705228	0.003770	0.000417
10.989828	585.625306	0.003756	0.000494
10.988310	585.545384	0.003655	0.000369
10.986792	585.465461	0.003678	0.000439
10.985274	585.385537	0.003745	0.000464
10.983756	585.305614	0.003669	0.000378
10.982238	585.225689	0.003767	0.000465
10.980720	585.145765	0.003859	0.000438
10.979202	585.065840	0.003702	0.000412
10.977684	584.985914	0.003614	0.000330
10.976166	584.905989	0.003711	0.000402
10.974648	584.826062	0.003604	0.000359
10.973130	584.746136	0.003423	0.000444
10.971612	584.666209	0.003453	0.000375
10.970094	584.586281	0.003582	0.000479
10.968576	584.506353	0.003593	0.000523
10.967058	584.426425	0.003492	0.000379
10.965540	584.346496	0.003584	0.000452
10.964022	584.266567	0.003353	0.000405
10.962504	584.186638	0.003234	0.000489
10.960986	584.106708	0.003246	0.000390
10.959468	584.026777	0.003448	0.000510
10.957950	583.946847	0.003367	0.000543
10.956432	583.866915	0.003606	0.000600
10.954914	583.786984	0.003290	0.000437
10.953396	583.707052	0.003412	0.000455
10.951878	583.627119	0.002930	0.000463
10.950360	583.547187	0.003224	0.000385
10.948842	583.467253	0.002841	0.000431
10.947324	583.387320	0.003228	0.000390
10.945806	583.307386	0.003147	0.000516
10.944288	583.227451	0.003072	0.000342
10.942770	583.147516	0.002978	0.000408
10.941252	583.067581	0.002965	0.000510
10.939734	582.987645	0.003167	0.000449
10.938216	582.907709	0.002975	0.000370
10.936698	582.827773	0.003066	0.000430
10.935180	582.747836	0.003175	0.000447
10.933662	582.667899	0.002836	0.000456
10.932144	582.587961	0.003007	0.000385
10.930626	582.508023	0.002761	0.000453
10.929108	582.428084	0.002784	0.000412
10.927590	582.348145	0.002795	0.000450
10.926072	582.268206	0.002751	0.000489
10.924554	582.188266	0.002799	0.000397
10.923036	582.108326	0.002963	0.000406
10.921518	582.028386	0.002852	0.000385
10.920000	581.948445	0.002680	0.000437
