12.740082	677.488213	0.002575	0.000573
12.738564	677.408802	0.002485	0.000473
12.737046	677.329390	0.002508	0.000422
12.735528	677.249978	0.002707	0.000473
12.734010	677.170565	0.002516	0.000527
12.732492	677.091152	0.002766	0.000473
12.730974	677.011738	0.002412	0.000516
12.729456	676.932323	0.002900	0.000408
12.727938	676.852909	0.002684	0.000479
12.726420	676.773494	0.002720	0.000518
12.724902	676.694078	0.002642	0.000538
12.723384	676.614662	0.002703	0.000524
12.721866	676.535245	0.002576	0.000561
12.720348	676.455828	0.002661	0.000417
12.718830	676.376410	0.002459	0.000566
12.717312	676.296992	0.002669	0.000573
12.715794	676.217574	0.002592	0.000449
12.714276	676.138155	0.002740	0.000423
12.712758	676.058735	0.002538	0.000529
12.711240	675.979315	0.002673	0.000488
12.709722	675.899895	0.002746	0.000411
12.708204	675.820474	0.002619	0.000514
12.706686	675.741053	0.002791	0.000557
12.705168	675.661631	0.002665	0.000466
12.703650	675.582209	0.002675	0.000574
12.702132	675.502786	0.002586	0.000523
12.700614	675.423362	0.002745	0.000527
12.699096	675.343939	0.002805	0.000476
12.697578	675.264515	0.002741	0.000466
12.696060	675.185090	0.002874	0.000485
12.694542	675.105665	0.002872	0.000542
12.693024	675.026239	0.002673	0.000400
12.691506	674.946813	0.002621	0.000410
12.689988	674.867386	0.002681	0.000480
12.688470	674.787959	0.002691	0.000450
12.686952	674.708532	0.002713	0.000473
12.685434	674.629104	0.002748	0.000464
12.683916	674.549675	0.002758	0.000532
12.682398	674.470246	0.002927	0.000518
12.680880	674.390817	0.002692	0.000481
12.679362	674.311387	0.002690	0.000500
12.677844	674.231957	0.002786	0.000438
12.676326	674.152526	0.002698	0.000404
12.674808	674.073094	0.002721	0.000511
12.673290	673.993663	0.002694	0.000470
12.671772	673.914230	0.002497	0.000550
12.670254	673.834798	0.002605	0.000523
12.668736	673.755364	0.002712	0.000528
12.667218	673.675931	0.002868	0.000457
12.665700	673.596497	0.002720	0.000587
12.664182	673.517062	0.002645	0.000384
12.662664	673.437627	0.002922	0.000420
12.661146	673.358191	0.002883	0.000425
12.659628	673.278755	0.002869	0.000440
12.658110	673.199319	0.002806	0.000402
12.656592	673.119882	0.002756	0.000433
12.655074	673.040444	0.002814	0.000582
12.653556	672.961006	0.002799	0.000506
12.652038	672.881568	0.002846	0.000493
12.650520	672.802129	0.002879	0.000490
12.649002	672.722690	0.002841	0.000453
12.647484	672.643250	0.002899	0.000518
12.645966	672.563809	0.002825	0.000445
12.644448	672.484369	0.002906	0.000464
12.642930	672.404927	0.002592	0.000443
12.641412	672.325486	0.002818	0.000444
12.639894	672.246044	0.002852	0.000463
12.638376	672.166601	0.002814	0.000484
12.636858	672.087158	0.003122	0.000448
12.635340	672.007714	0.002749	0.000486
12.633822	671.928270	0.002903	0.000445
12.632304	671.848826	0.002841	0.000461
12.630786	671.769381	0.002946	0.000478
12.629268	671.689935	0.002717	0.000468
12.627750	671.610489	0.002941	0.000515
12.626232	671.531043	0.002998	0.000468
12.624714	671.451596	0.002948	0.000395
12.623196	671.372148	0.003017	0.000574
12.621678	671.292700	0.002790	0.000567
12.620160	671.213252	0.002906	0.000470
12.618642	671.133803	0.003010	0.000662
12.617124	671.054354	0.003091	0.000554
12.615606	670.974904	0.003100	0.000518
12.614088	670.895454	0.002802	0.000490
12.612570	670.816004	0.003001	0.000466
12.611052	670.736552	0.002763	0.000430
12.609534	670.657101	0.003091	0.000480
12.608016	670.577649	0.002971	0.000463
12.606498	670.498196	0.003004	0.000445
12.604980	670.418743	0.003272	0.000506
12.603462	670.339290	0.003081	0.000580
12.601944	670.259836	0.003114	0.000508
12.600426	670.180381	0.003288	0.000544
12.598908	670.100926	0.002980	0.000551
12.597390	670.021471	0.003072	0.000530
12.595872	669.942015	0.002847	0.000476
12.594354	669.862559	0.003114	0.000521
12.592836	669.783102	0.002971	0.000399
12.591318	669.703645	0.003051	0.000495
12.589800	669.624187	0.003072	0.000526
12.588282	669.544729	0.002836	0.000435
12.586764	669.465270	0.003137	0.000543
12.585246	669.385811	0.003041	0.000416
12.583728	669.306351	0.002911	0.000559
12.582210	669.226891	0.002943	0.000513
12.580692	669.147431	0.003441	0.000600
12.579174	669.067970	0.003345	0.000513
12.577656	668.988508	0.003366	0.000591
12.576138	668.909046	0.003027	0.000574
12.574620	668.829584	0.003222	0.000480
12.573102	668.750121	0.003115	0.000470
12.571584	668.670657	0.003402	0.000540
12.570066	668.591194	0.003226	0.000508
12.568548	668.511729	0.003351	0.000558
12.567030	668.432265	0.003163	0.000483
12.565512	668.352799	0.003357	0.000676
12.563994	668.273334	0.003354	0.000482
12.562476	668.193867	0.003398	0.000511
12.560958	668.114401	0.003188	0.000465
12.559440	668.034934	0.003324	0.000516
12.557922	667.955466	0.003298	0.000621
12.556404	667.875998	0.003319	0.000515
12.554886	667.796529	0.003350	0.000537
12.553368	667.717060	0.003394	0.000498
12.551850	667.637591	0.003265	0.000545
12.550332	667.558121	0.003526	0.000468
12.548814	667.478651	0.003558	0.000559
12.547296	667.399180	0.003406	0.000508
12.545778	667.319708	0.003346	0.000572
12.544260	667.240237	0.003207	0.000434
12.542742	667.160764	0.003433	0.000554
12.541224	667.081292	0.003590	0.000533
12.539706	667.001818	0.003610	0.000485
12.538188	666.922345	0.003504	0.000466
12.536670	666.842871	0.003775	0.000620
12.535152	666.763396	0.003454	0.000621
12.533634	666.683921	0.003519	0.000471
12.532116	666.604445	0.003448	0.000501
12.530598	666.524969	0.003650	0.000532
12.529080	666.445493	0.003726	0.000472
12.527562	666.366016	0.003440	0.000632
12.526044	666.286538	0.003653	0.000498
12.524526	666.207061	0.003639	0.000515
12.523008	666.127582	0.003681	0.000526
12.521490	666.048103	0.003588	0.000498
12.519972	665.968624	0.003732	0.000482
12.518454	665.889144	0.003706	0.000621
12.516936	665.809664	0.003692	0.000595
12.515418	665.730183	0.003836	0.000567
12.513900	665.650702	0.003743	0.000419
12.512382	665.571221	0.003639	0.000526
12.510864	665.491738	0.003906	0.000585
12.509346	665.412256	0.003791	0.000593
12.507828	665.332773	0.003765	0.000495
12.506310	665.253289	0.003908	0.000704
12.504792	665.173805	0.003648	0.000567
12.503274	665.094321	0.003869	0.000552
12.501756	665.014836	0.004056	0.000618
12.500238	664.935351	0.004075	0.000479
12.498720	664.855865	0.003860	0.000504
12.497202	664.776379	0.004236	0.000567
12.495684	664.696892	0.003820	0.000607
12.494166	664.617405	0.004107	0.000542
12.492648	664.537917	0.004115	0.000574
12.491130	664.458429	0.004167	0.000785
12.489612	664.378940	0.004020	0.000494
12.488094	664.299451	0.004261	0.000633
12.486576	664.219961	0.003992	0.000529
12.485058	664.140471	0.004255	0.000593
12.483540	664.060981	0.004152	0.000462
12.482022	663.981490	0.004359	0.000770
12.480504	663.901998	0.004168	0.000572
12.478986	663.822507	0.004153	0.000570
12.477468	663.743014	0.004206	0.000689
12.475950	663.663521	0.004269	0.000575
12.474432	663.584028	0.004398	0.000565
12.472914	663.504534	0.004262	0.000664
12.471396	663.425040	0.004248	0.000710
12.469878	663.345545	0.004641	0.000684
12.468360	663.266050	0.004450	0.000693
12.466842	663.186555	0.004546	0.000587
12.465324	663.107058	0.004553	0.000476
12.463806	663.027562	0.004649	0.000644
12.462288	662.948065	0.004514	0.000727
12.460770	662.868567	0.004434	0.000805
12.459252	662.789069	0.004584	0.000617
12.457734	662.709571	0.004788	0.000626
12.456216	662.630072	0.004850	0.000756
12.454698	662.550573	0.004715	0.000715
12.453180	662.471073	0.004613	0.000726
12.451662	662.391573	0.004643	0.000672
12.450144	662.312072	0.004465	0.000732
12.448626	662.232571	0.004843	0.000701
12.447108	662.153069	0.004872	0.000764
12.445590	662.073567	0.005096	0.000789
12.444072	661.994064	0.005005	0.000697
12.442554	661.914561	0.005338	0.000720
12.441036	661.835058	0.005236	0.000824
12.439518	661.755554	0.005113	0.000756
12.438000	661.676049	0.005185	0.000766
12.436482	661.596544	0.005257	0.000684
12.434964	661.517039	0.005243	0.000783
12.433446	661.437533	0.005260	0.000780
12.431928	661.358027	0.005429	0.000838
12.430410	661.278520	0.005263	0.000668
12.428892	661.199013	0.005550	0.000902
12.427374	661.119505	0.005460	0.000755
12.425856	661.039997	0.005521	0.000661
12.424338	660.960488	0.005420	0.000818
12.422820	660.880979	0.005555	0.000753
12.421302	660.801470	0.005766	0.000813
12.419784	660.721960	0.005526	0.000723
12.418266	660.642449	0.005961	0.000752
12.416748	660.562938	0.006021	0.000738
12.415230	660.483427	0.006338	0.000897
12.413712	660.403915	0.005959	0.000820
12.412194	660.324402	0.005997	0.000648
12.410676	660.244890	0.005896	0.000673
12.409158	660.165376	0.006212	0.000757
12.407640	660.085863	0.006005	0.000651
12.406122	660.006348	0.006086	0.000685
12.404604	659.926834	0.006603	0.000757
12.403086	659.847319	0.006396	0.000666
12.401568	659.767803	0.006306	0.000764
12.400050	659.688287	0.006525	0.000764
12.398532	659.608771	0.006520	0.000649
12.397014	659.529254	0.006664	0.000715
12.395496	659.449736	0.006320	0.000996
12.393978	659.370218	0.006506	0.000964
12.392460	659.290700	0.006924	0.001035
12.390942	659.211181	0.006390	0.000843
12.389424	659.131662	0.007115	0.000804
12.387906	659.052142	0.006877	0.000753
12.386388	658.972622	0.006978	0.000897
12.384870	658.893101	0.007258	0.000932
12.383352	658.813580	0.007431	0.000867
12.381834	658.734058	0.007015	0.000864
12.380316	658.654536	0.006768	0.000848
12.378798	658.575014	0.007457	0.000928
12.377280	658.495491	0.007252	0.000893
12.375762	658.415967	0.007268	0.000903
12.374244	658.336443	0.007388	0.000747
12.372726	658.256919	0.007760	0.000910
12.371208	658.177394	0.007828	0.000938
12.369690	658.097869	0.007843	0.001309
12.368172	658.018343	0.007879	0.000829
12.366654	657.938817	0.007685	0.000950
12.365136	657.859290	0.007931	0.000776
12.363618	657.779763	0.007925	0.000802
12.362100	657.700235	0.007783	0.000990
12.360582	657.620707	0.007851	0.000764
12.359064	657.541179	0.008074	0.000738
12.357546	657.461650	0.008245	0.000765
12.356028	657.382120	0.008146	0.000913
12.354510	657.302590	0.008358	0.000637
12.352992	657.223060	0.008362	0.000770
12.351474	657.143529	0.008688	0.000668
12.349956	657.063998	0.008610	0.001038
12.348438	656.984466	0.008500	0.000930
12.346920	656.904934	0.009011	0.000686
12.345402	656.825401	0.009471	0.001187
12.343884	656.745868	0.009443	0.001207
12.342366	656.666334	0.008609	0.000842
12.340848	656.586800	0.009140	0.000782
12.339330	656.507266	0.009072	0.001233
12.337812	656.427731	0.009581	0.001015
12.336294	656.348195	0.009502	0.000916
12.334776	656.268659	0.009834	0.001036
12.333258	656.189123	0.009457	0.000945
12.331740	656.109586	0.009892	0.001137
12.330222	656.030049	0.009793	0.001193
12.328704	655.950511	0.010227	0.001066
12.327186	655.870973	0.010055	0.001097
12.325668	655.791434	0.010140	0.001195
12.324150	655.711895	0.010717	0.001152
12.322632	655.632355	0.010474	0.000850
12.321114	655.552815	0.010507	0.001184
12.319596	655.473275	0.010633	0.001056
12.318078	655.393734	0.010850	0.001103
12.316560	655.314192	0.011107	0.001117
12.315042	655.234651	0.011354	0.001073
12.313524	655.155108	0.011224	0.000956
12.312006	655.075565	0.011124	0.001089
12.310488	654.996022	0.012012	0.001244
12.308970	654.916478	0.011261	0.001195
12.307452	654.836934	0.011781	0.000995
12.305934	654.757390	0.011834	0.001097
12.304416	654.677844	0.012566	0.001017
12.302898	654.598299	0.012364	0.001109
12.301380	654.518753	0.012082	0.001153
12.299862	654.439206	0.012053	0.001315
12.298344	654.359659	0.012864	0.000882
12.296826	654.280112	0.012885	0.001235
12.295308	654.200564	0.012886	0.001023
12.293790	654.121016	0.013028	0.001252
12.292272	654.041467	0.012928	0.000789
12.290754	653.961918	0.013393	0.001085
12.289236	653.882368	0.013242	0.001114
12.287718	653.802818	0.013424	0.001448
12.286200	653.723267	0.013576	0.000887
12.284682	653.643716	0.014109	0.001093
12.283164	653.564165	0.014099	0.001388
12.281646	653.484613	0.014380	0.001187
12.280128	653.405060	0.014801	0.001294
12.278610	653.325507	0.014610	0.001162
12.277092	653.245954	0.014910	0.001053
12.275574	653.166400	0.015170	0.001478
12.274056	653.086846	0.015750	0.001099
12.272538	653.007291	0.015729	0.001256
12.271020	652.927736	0.015947	0.001178
12.269502	652.848180	0.015407	0.001165
12.267984	652.768624	0.015725	0.001180
12.266466	652.689067	0.016192	0.001289
12.264948	652.609510	0.016809	0.001212
12.263430	652.529953	0.016388	0.001369
12.261912	652.450395	0.016785	0.001327
12.260394	652.370836	0.016703	0.001087
12.258876	652.291277	0.016980	0.001167
12.257358	652.211718	0.017811	0.001493
12.255840	652.132158	0.017392	0.001132
12.254322	652.052598	0.018391	0.001434
12.252804	651.973037	0.018011	0.001480
12.251286	651.893476	0.018682	0.001669
12.249768	651.813915	0.019183	0.001454
12.248250	651.734352	0.019427	0.001183
12.246732	651.654790	0.019245	0.001186
12.245214	651.575227	0.020120	0.001403
12.243696	651.495663	0.019622	0.001287
12.242178	651.416100	0.020377	0.001467
12.240660	651.336535	0.020402	0.001643
12.239142	651.256970	0.020181	0.001294
12.237624	651.177405	0.021318	0.001256
12.236106	651.097839	0.020507	0.001623
12.234588	651.018273	0.021111	0.001681
12.233070	650.938706	0.021617	0.001406
12.231552	650.859139	0.021670	0.001528
12.230034	650.779572	0.023223	0.001427
12.228516	650.700004	0.022218	0.001748
12.226998	650.620435	0.023015	0.001505
12.225480	650.540866	0.022881	0.001940
12.223962	650.461297	0.022845	0.001625
12.222444	650.381727	0.023718	0.001587
12.220926	650.302157	0.023555	0.001255
12.219408	650.222586	0.024778	0.001106
12.217890	650.143015	0.025540	0.001764
12.216372	650.063443	0.025756	0.001409
12.214854	649.983871	0.026176	0.001481
12.213336	649.904298	0.025895	0.001659
12.211818	649.824725	0.026247	0.001316
12.210300	649.745152	0.026840	0.001531
12.208782	649.665578	0.025899	0.001641
12.207264	649.586003	0.027676	0.001248
12.205746	649.506429	0.028064	0.001399
12.204228	649.426853	0.027133	0.001826
12.202710	649.347277	0.028634	0.001736
12.201192	649.267701	0.029001	0.001899
12.199674	649.188125	0.029416	0.001588
12.198156	649.108547	0.029425	0.001565
12.196638	649.028970	0.029694	0.001733
12.195120	648.949392	0.030512	0.001662
12.193602	648.869813	0.030578	0.001634
12.192084	648.790234	0.031135	0.001372
12.190566	648.710655	0.031845	0.002159
12.189048	648.631075	0.032400	0.001821
12.187530	648.551495	0.032743	0.002107
12.186012	648.471914	0.033306	0.001683
12.184494	648.392333	0.034761	0.001968
12.182976	648.312751	0.034660	0.001858
12.181458	648.233169	0.034483	0.001880
12.179940	648.153586	0.035915	0.001773
12.178422	648.074003	0.036972	0.002280
12.176904	647.994419	0.035961	0.001972
12.175386	647.914835	0.036185	0.001711
12.173868	647.835251	0.037096	0.001562
12.172350	647.755666	0.038216	0.002176
12.170832	647.676081	0.038667	0.002005
12.169314	647.596495	0.038354	0.002000
12.167796	647.516909	0.039452	0.001941
12.166278	647.437322	0.039882	0.001795
12.164760	647.357735	0.040492	0.001907
12.163242	647.278147	0.041833	0.001945
12.161724	647.198559	0.041890	0.002168
12.160206	647.118971	0.042174	0.001846
12.158688	647.039382	0.042753	0.001838
12.157170	646.959792	0.043671	0.001822
12.155652	646.880202	0.044362	0.001818
12.154134	646.800612	0.044691	0.002146
12.152616	646.721021	0.045729	0.002202
12.151098	646.641430	0.044781	0.002113
12.149580	646.561838	0.046186	0.001874
12.148062	646.482246	0.047090	0.002045
12.146544	646.402654	0.048076	0.002367
12.145026	646.323060	0.048242	0.002475
12.143508	646.243467	0.049245	0.001805
12.141990	646.163873	0.049861	0.002152
12.140472	646.084279	0.050693	0.002168
12.138954	646.004684	0.051937	0.002350
12.137436	645.925088	0.051620	0.002372
12.135918	645.845493	0.052946	0.002284
12.134400	645.765896	0.052901	0.001822
12.132882	645.686300	0.054168	0.002238
12.131364	645.606702	0.054853	0.002133
12.129846	645.527105	0.056258	0.001903
12.128328	645.447507	0.055471	0.002231
12.126810	645.367908	0.057257	0.002335
12.125292	645.288309	0.058461	0.002444
12.123774	645.208710	0.059010	0.001748
12.122256	645.129110	0.060239	0.002246
12.120738	645.049510	0.059965	0.002493
12.119220	644.969909	0.060978	0.002929
12.117702	644.890308	0.062045	0.002493
12.116184	644.810706	0.063743	0.002641
12.114666	644.731104	0.064035	0.002717
12.113148	644.651501	0.066213	0.002644
12.111630	644.571898	0.065899	0.002297
12.110112	644.492295	0.066903	0.002281
12.108594	644.412691	0.068899	0.002358
12.107076	644.333087	0.068903	0.003622
12.105558	644.253482	0.070492	0.002748
12.104040	644.173876	0.070801	0.002497
12.102522	644.094271	0.071785	0.002804
12.101004	644.014664	0.072957	0.002852
12.099486	643.935058	0.074862	0.002715
12.097968	643.855451	0.074687	0.002688
12.096450	643.775843	0.075956	0.002857
12.094932	643.696235	0.077472	0.003347
12.093414	643.616627	0.079235	0.002644
12.091896	643.537018	0.078326	0.003141
12.090378	643.457408	0.079938	0.002924
12.088860	643.377799	0.081641	0.003275
12.087342	643.298188	0.082992	0.002148
12.085824	643.218578	0.084020	0.002617
12.084306	643.138966	0.084395	0.002559
12.082788	643.059355	0.086035	0.002459
12.081270	642.979743	0.089222	0.002732
12.079752	642.900130	0.089703	0.003233
12.078234	642.820517	0.090640	0.002728
12.076716	642.740904	0.091174	0.002714
12.075198	642.661290	0.093819	0.002815
12.073680	642.581676	0.093153	0.002297
12.072162	642.502061	0.094186	0.003581
12.070644	642.422446	0.096714	0.003176
12.069126	642.342830	0.096887	0.002903
12.067608	642.263214	0.097697	0.003348
12.066090	642.183597	0.099607	0.002134
12.064572	642.103980	0.102416	0.004250
12.063054	642.024363	0.104339	0.003094
12.061536	641.944745	0.105714	0.003393
12.060018	641.865126	0.108286	0.002720
12.058500	641.785508	0.108695	0.003647
12.056982	641.705888	0.111397	0.002980
12.055464	641.626269	0.111776	0.003239
12.053946	641.546648	0.115170	0.003215
12.052428	641.467028	0.114234	0.002895
12.050910	641.387407	0.115804	0.003192
12.049392	641.307785	0.119099	0.002605
12.047874	641.228163	0.122714	0.003594
12.046356	641.148541	0.122948	0.003346
12.044838	641.068918	0.124635	0.003571
12.043320	640.989294	0.125986	0.003245
12.041802	640.909671	0.128316	0.002916
12.040284	640.830046	0.130275	0.003699
12.038766	640.750422	0.133104	0.002872
12.037248	640.670797	0.132809	0.003524
12.035730	640.591171	0.137231	0.003389
12.034212	640.511545	0.138155	0.003700
12.032694	640.431918	0.139688	0.003849
12.031176	640.352292	0.143703	0.004092
12.029658	640.272664	0.142667	0.004186
12.028140	640.193036	0.145036	0.004002
12.026622	640.113408	0.147115	0.004034
12.025104	640.033779	0.149075	0.003959
12.023586	639.954150	0.153329	0.003659
12.022068	639.874520	0.156212	0.003788
12.020550	639.794890	0.159777	0.003865
12.019032	639.715260	0.160431	0.003647
12.017514	639.635629	0.160700	0.003574
12.015996	639.555997	0.164879	0.003245
12.014478	639.476366	0.168394	0.004018
12.012960	639.396733	0.170837	0.004654
12.011442	639.317100	0.171232	0.003968
12.009924	639.237467	0.176122	0.004526
12.008406	639.157834	0.178351	0.003892
12.006888	639.078199	0.180443	0.003802
12.005370	638.998565	0.183651	0.004640
12.003852	638.918930	0.184895	0.004118
12.002334	638.839294	0.187724	0.003871
12.000816	638.759659	0.189946	0.004234
11.999298	638.680022	0.194023	0.004631
11.997780	638.600385	0.195762	0.005296
11.996262	638.520748	0.198620	0.004614
11.994744	638.441110	0.201236	0.004751
11.993226	638.361472	0.203875	0.004706
11.991708	638.281834	0.208427	0.004820
11.990190	638.202195	0.210648	0.003823
11.988672	638.122555	0.212035	0.004918
11.987154	638.042915	0.216490	0.006269
11.985636	637.963275	0.216697	0.004482
11.984118	637.883634	0.222228	0.004398
11.982600	637.803993	0.222194	0.003750
11.981082	637.724351	0.224134	0.005834
11.979564	637.644709	0.230680	0.005183
11.978046	637.565066	0.232503	0.005365
11.976528	637.485423	0.234236	0.004336
11.975010	637.405779	0.237235	0.004598
11.973492	637.326135	0.239811	0.006314
11.971974	637.246491	0.241474	0.003717
11.970456	637.166846	0.246665	0.004303
11.968938	637.087201	0.250068	0.004648
11.967420	637.007555	0.251355	0.005168
11.965902	636.927909	0.256415	0.005736
11.964384	636.848262	0.259823	0.005092
11.962866	636.768615	0.261885	0.005386
11.961348	636.688968	0.264527	0.004849
11.959830	636.609320	0.266740	0.003623
11.958312	636.529671	0.268029	0.005446
11.956794	636.450022	0.270567	0.004201
11.955276	636.370373	0.274351	0.004456
11.953758	636.290723	0.277055	0.004217
11.952240	636.211073	0.279773	0.004701
11.950722	636.131422	0.282730	0.005129
11.949204	636.051771	0.285033	0.004833
11.947686	635.972119	0.287775	0.004610
11.946168	635.892467	0.290237	0.005086
11.944650	635.812815	0.293171	0.006277
11.943132	635.733162	0.294840	0.004763
11.941614	635.653509	0.299666	0.006149
11.940096	635.573855	0.303442	0.004947
11.938578	635.494201	0.302051	0.005070
11.937060	635.414546	0.305183	0.005286
11.935542	635.334891	0.309430	0.005757
11.934024	635.255235	0.311375	0.005097
11.932506	635.175579	0.313928	0.005426
11.930988	635.095923	0.317835	0.004916
11.929470	635.016266	0.316440	0.005515
11.927952	634.936608	0.322014	0.005081
11.926434	634.856951	0.325137	0.005807
11.924916	634.777292	0.325350	0.005728
11.923398	634.697634	0.329477	0.005792
11.921880	634.617974	0.331648	0.005060
11.920362	634.538315	0.333209	0.005349
11.918844	634.458655	0.336156	0.006305
11.917326	634.378994	0.337225	0.006954
11.915808	634.299333	0.339274	0.005772
11.914290	634.219672	0.343313	0.006680
11.912772	634.140010	0.343701	0.005311
11.911254	634.060348	0.349922	0.006277
11.909736	633.980685	0.350089	0.005154
11.908218	633.901022	0.349549	0.005265
11.906700	633.821358	0.351876	0.006329
11.905182	633.741694	0.357927	0.004602
11.903664	633.662030	0.359600	0.006062
11.902146	633.582365	0.360164	0.005289
11.900628	633.502699	0.361112	0.005295
11.899110	633.423034	0.362072	0.005131
11.897592	633.343367	0.363353	0.005693
11.896074	633.263701	0.371550	0.005793
11.894556	633.184033	0.367933	0.005200
11.893038	633.104366	0.367271	0.004152
11.891520	633.024698	0.369204	0.005863
11.890002	632.945029	0.372774	0.006496
11.888484	632.865360	0.374297	0.005270
11.886966	632.785691	0.380575	0.007047
11.885448	632.706021	0.375119	0.006174
11.883930	632.626351	0.378499	0.007440
11.882412	632.546680	0.378801	0.007633
11.880894	632.467009	0.381485	0.005953
11.879376	632.387337	0.378775	0.006985
11.877858	632.307665	0.383094	0.005459
11.876340	632.227993	0.384871	0.007229
11.874822	632.148320	0.386512	0.005034
11.873304	632.068646	0.383394	0.007553
11.871786	631.988973	0.386367	0.004981
11.870268	631.909298	0.387610	0.005990
11.868750	631.829624	0.390040	0.006121
11.867232	631.749949	0.390258	0.005755
11.865714	631.670273	0.390668	0.006602
11.864196	631.590597	0.393610	0.005950
11.862678	631.510920	0.388622	0.005565
11.861160	631.431243	0.391604	0.006191
11.859642	631.351566	0.388842	0.005384
11.858124	631.271888	0.391320	0.006929
11.856606	631.192210	0.391811	0.006007
11.855088	631.112531	0.390828	0.004641
11.853570	631.032852	0.392675	0.005660
11.852052	630.953173	0.393547	0.006656
11.850534	630.873493	0.387795	0.004459
11.849016	630.793812	0.387630	0.007935
11.847498	630.714131	0.389566	0.005701
11.845980	630.634450	0.387104	0.005444
11.844462	630.554768	0.390497	0.005464
11.842944	630.475086	0.389569	0.005663
11.841426	630.395403	0.386440	0.004652
11.839908	630.315720	0.385392	0.006129
11.838390	630.236036	0.387355	0.004866
11.836872	630.156352	0.387266	0.007275
11.835354	630.076668	0.388367	0.006807
11.833836	629.996983	0.386552	0.006925
11.832318	629.917298	0.384063	0.006374
11.830800	629.837612	0.380621	0.005415
11.829282	629.757926	0.383248	0.005156
11.827764	629.678239	0.381210	0.007226
11.826246	629.598552	0.379743	0.006346
11.824728	629.518864	0.375111	0.005201
11.823210	629.439176	0.376904	0.007848
11.821692	629.359488	0.373840	0.006062
11.820174	629.279799	0.372127	0.006082
11.818656	629.200110	0.372392	0.005965
11.817138	629.120420	0.371256	0.004877
11.815620	629.040730	0.372259	0.006624
11.814102	628.961039	0.366439	0.005305
11.812584	628.881348	0.366781	0.006561
11.811066	628.801656	0.365700	0.007447
11.809548	628.721964	0.362314	0.006269
11.808030	628.642272	0.357953	0.005685
11.806512	628.562579	0.356266	0.007192
11.804994	628.482886	0.358678	0.006300
11.803476	628.403192	0.357009	0.005694
11.801958	628.323498	0.352347	0.005304
11.800440	628.243803	0.352766	0.007669
11.798922	628.164108	0.348902	0.005643
11.797404	628.084413	0.349126	0.005538
11.795886	628.004717	0.344615	0.005875
11.794368	627.925021	0.347568	0.004940
11.792850	627.845324	0.343858	0.005092
11.791332	627.765626	0.338615	0.006656
11.789814	627.685929	0.341445	0.006008
11.788296	627.606231	0.336806	0.006398
11.786778	627.526532	0.336044	0.006170
11.785260	627.446833	0.331507	0.006000
11.783742	627.367134	0.328464	0.006729
11.782224	627.287434	0.328133	0.007017
11.780706	627.207733	0.324150	0.005339
11.779188	627.128032	0.323370	0.005626
11.777670	627.048331	0.318543	0.005882
11.776152	626.968630	0.316554	0.004922
11.774634	626.888927	0.317275	0.005023
11.773116	626.809225	0.315454	0.006031
11.771598	626.729522	0.312838	0.005738
11.770080	626.649819	0.312796	0.006965
11.768562	626.570115	0.306633	0.005875
11.767044	626.490410	0.308267	0.003871
11.765526	626.410706	0.303094	0.007016
11.764008	626.331000	0.302304	0.005759
11.762490	626.251295	0.300262	0.005493
11.760972	626.171589	0.295352	0.004664
11.759454	626.091882	0.296876	0.004986
11.757936	626.012175	0.293936	0.004931
11.756418	625.932468	0.294194	0.004727
11.754900	625.852760	0.292339	0.004806
11.753382	625.773052	0.288544	0.004693
11.751864	625.693343	0.286671	0.003766
11.750346	625.613634	0.282812	0.004594
11.748828	625.533924	0.282317	0.005136
11.747310	625.454214	0.279454	0.004838
11.745792	625.374504	0.275980	0.005035
11.744274	625.294793	0.279028	0.004851
11.742756	625.215082	0.274221	0.004574
11.741238	625.135370	0.271823	0.006349
11.739720	625.055658	0.270764	0.005071
11.738202	624.975945	0.266567	0.005239
11.736684	624.896232	0.268221	0.005920
11.735166	624.816518	0.265190	0.002978
11.733648	624.736804	0.262542	0.003807
11.732130	624.657090	0.261976	0.005068
11.730612	624.577375	0.259333	0.003400
11.729094	624.497660	0.257827	0.004347
11.727576	624.417944	0.255150	0.005365
11.726058	624.338228	0.254138	0.004060
11.724540	624.258511	0.251973	0.005356
11.723022	624.178794	0.250088	0.004524
11.721504	624.099077	0.250257	0.003821
11.719986	624.019359	0.249045	0.004732
11.718468	623.939641	0.245019	0.004367
11.716950	623.859922	0.242787	0.003789
11.715432	623.780203	0.242117	0.004131
11.713914	623.700483	0.240094	0.005682
11.712396	623.620763	0.238419	0.005008
11.710878	623.541042	0.236558	0.004903
11.709360	623.461321	0.234062	0.005183
11.707842	623.381600	0.233918	0.004899
11.706324	623.301878	0.231239	0.004868
11.704806	623.222156	0.233921	0.004140
11.703288	623.142433	0.228610	0.004860
11.701770	623.062710	0.224911	0.003812
11.700252	622.982986	0.224342	0.003612
11.698734	622.903262	0.222223	0.004664
11.697216	622.823538	0.221969	0.003832
11.695698	622.743813	0.217220	0.004006
11.694180	622.664088	0.220267	0.003902
11.692662	622.584362	0.215774	0.003926
11.691144	622.504636	0.214556	0.004238
11.689626	622.424909	0.213707	0.004318
11.688108	622.345182	0.211681	0.004504
11.686590	622.265454	0.209252	0.004164
11.685072	622.185726	0.210355	0.004850
11.683554	622.105998	0.207673	0.003590
11.682036	622.026269	0.206270	0.004249
11.680518	621.946540	0.203897	0.003706
11.679000	621.866810	0.203057	0.005000
11.677482	621.787080	0.201504	0.004157
11.675964	621.707349	0.199917	0.004085
11.674446	621.627618	0.199073	0.003897
11.672928	621.547887	0.196471	0.004543
11.671410	621.468155	0.196618	0.003941
11.669892	621.388423	0.194732	0.005458
11.668374	621.308690	0.193143	0.004338
11.666856	621.228957	0.191160	0.004182
11.665338	621.149223	0.190174	0.003676
11.663820	621.069489	0.189679	0.004215
11.662302	620.989754	0.187166	0.003135
11.660784	620.910019	0.186168	0.003679
11.659266	620.830284	0.183659	0.004075
11.657748	620.750548	0.182329	0.003059
11.656230	620.670812	0.183762	0.003796
11.654712	620.591075	0.178272	0.004212
11.653194	620.511338	0.180772	0.003808
11.651676	620.431601	0.178000	0.003976
11.650158	620.351863	0.175309	0.003358
11.648640	620.272124	0.172106	0.004361
11.647122	620.192385	0.173498	0.003561
11.645604	620.112646	0.170676	0.003564
11.644086	620.032906	0.168869	0.004164
11.642568	619.953166	0.167801	0.003834
11.641050	619.873425	0.168035	0.003854
11.639532	619.793684	0.166110	0.003306
11.638014	619.713943	0.166124	0.003406
11.636496	619.634201	0.160517	0.003851
11.634978	619.554459	0.161534	0.003904
11.633460	619.474716	0.161092	0.003158
11.631942	619.394973	0.158574	0.004010
11.630424	619.315229	0.158538	0.003180
11.628906	619.235485	0.158807	0.004937
11.627388	619.155740	0.154480	0.003381
11.625870	619.075995	0.155178	0.003569
11.624352	618.996250	0.151270	0.003258
11.622834	618.916504	0.151527	0.003663
11.621316	618.836758	0.148796	0.003302
11.619798	618.757011	0.151380	0.003104
11.618280	618.677264	0.148827	0.003257
11.616762	618.597516	0.147180	0.003996
11.615244	618.517768	0.145178	0.003390
11.613726	618.438020	0.143444	0.003961
11.612208	618.358271	0.143652	0.003326
11.610690	618.278522	0.141989	0.003184
11.609172	618.198772	0.139623	0.002955
11.607654	618.119022	0.139689	0.003168
11.606136	618.039271	0.137956	0.003467
11.604618	617.959520	0.138128	0.003658
11.603100	617.879769	0.134849	0.004244
11.601582	617.800017	0.134593	0.003383
11.600064	617.720265	0.133620	0.003345
11.598546	617.640512	0.134428	0.003650
11.597028	617.560759	0.132982	0.004091
11.595510	617.481005	0.130807	0.003424
11.593992	617.401251	0.129432	0.003187
11.592474	617.321496	0.127209	0.002559
11.590956	617.241741	0.127041	0.003450
11.589438	617.161986	0.126655	0.002629
11.587920	617.082230	0.124429	0.002502
11.586402	617.002474	0.124848	0.002897
11.584884	616.922717	0.125095	0.002879
11.583366	616.842960	0.123541	0.003693
11.581848	616.763203	0.120692	0.002798
11.580330	616.683445	0.121750	0.002995
11.578812	616.603686	0.119654	0.002792
11.577294	616.523927	0.117785	0.003263
11.575776	616.444168	0.117795	0.003555
11.574258	616.364408	0.117379	0.002811
11.572740	616.284648	0.115298	0.002797
11.571222	616.204888	0.114279	0.002651
11.569704	616.125127	0.114753	0.003251
11.568186	616.045365	0.112632	0.003171
11.566668	615.965603	0.114248	0.003370
11.565150	615.885841	0.110341	0.002861
11.563632	615.806078	0.110058	0.002889
11.562114	615.726315	0.109804	0.003063
11.560596	615.646552	0.109908	0.002912
11.559078	615.566788	0.107759	0.004328
11.557560	615.487023	0.106801	0.003516
11.556042	615.407258	0.105303	0.003158
11.554524	615.327493	0.105758	0.003431
11.553006	615.247727	0.103571	0.002996
11.551488	615.167961	0.103693	0.002623
11.549970	615.088194	0.102770	0.003291
11.548452	615.008427	0.101559	0.002652
11.546934	614.928660	0.101408	0.002552
11.545416	614.848892	0.099244	0.002309
11.543898	614.769123	0.098348	0.002422
11.542380	614.689355	0.097704	0.002755
11.540862	614.609585	0.096336	0.002652
11.539344	614.529816	0.096321	0.002166
11.537826	614.450046	0.093864	0.002976
11.536308	614.370275	0.095251	0.002683
11.534790	614.290504	0.092967	0.002266
11.533272	614.210733	0.093027	0.002892
11.531754	614.130961	0.093154	0.002273
11.530236	614.051189	0.091809	0.002887
11.528718	613.971416	0.091620	0.002500
11.527200	613.891643	0.089741	0.001947
11.525682	613.811870	0.088554	0.003018
11.524164	613.732096	0.087508	0.002517
11.522646	613.652321	0.086074	0.003412
11.521128	613.572546	0.086989	0.002379
11.519610	613.492771	0.085975	0.002423
11.518092	613.412996	0.086163	0.002651
11.516574	613.333219	0.084536	0.002087
11.515056	613.253443	0.084425	0.002437
11.513538	613.173666	0.082953	0.002309
11.512020	613.093889	0.081074	0.002385
11.510502	613.014111	0.081440	0.002698
11.508984	612.934332	0.081185	0.002286
11.507466	612.854554	0.079215	0.002317
11.505948	612.774775	0.079384	0.002699
11.504430	612.694995	0.079430	0.003092
11.502912	612.615215	0.078433	0.002169
11.501394	612.535435	0.077539	0.003004
11.499876	612.455654	0.076523	0.002363
11.498358	612.375873	0.076751	0.002611
11.496840	612.296091	0.076165	0.002628
11.495322	612.216309	0.074272	0.002842
11.493804	612.136526	0.074312	0.003239
11.492286	612.056743	0.073380	0.002323
11.490768	611.976960	0.072710	0.002232
11.489250	611.897176	0.072868	0.001889
11.487732	611.817392	0.071880	0.002308
11.486214	611.737607	0.070233	0.002130
11.484696	611.657822	0.069827	0.002285
11.483178	611.578036	0.070246	0.002639
11.481660	611.498250	0.070528	0.002295
11.480142	611.418464	0.069132	0.001828
11.478624	611.338677	0.068004	0.002350
11.477106	611.258890	0.068019	0.002061
11.475588	611.179102	0.065493	0.001812
11.474070	611.099314	0.065942	0.001973
11.472552	611.019525	0.065396	0.002414
11.471034	610.939736	0.065318	0.002290
11.469516	610.859947	0.063901	0.002114
11.467998	610.780157	0.064782	0.001758
11.466480	610.700367	0.063835	0.002748
11.464962	610.620576	0.062571	0.002194
11.463444	610.540785	0.061770	0.002432
11.461926	610.460993	0.061411	0.002279
11.460408	610.381201	0.060873	0.001877
11.458890	610.301409	0.059714	0.002078
11.457372	610.221616	0.059350	0.002118
11.455854	610.141823	0.060896	0.002232
11.454336	610.062029	0.057987	0.002405
11.452818	609.982235	0.058065	0.002419
11.451300	609.902440	0.057526	0.002572
11.449782	609.822645	0.057479	0.002361
11.448264	609.742850	0.056902	0.001952
11.446746	609.663054	0.056340	0.001740
11.445228	609.583258	0.054350	0.001694
11.443710	609.503461	0.055368	0.002204
11.442192	609.423664	0.055290	0.002756
11.440674	609.343866	0.054705	0.001969
11.439156	609.264068	0.053675	0.002347
11.437638	609.184270	0.052999	0.001917
11.436120	609.104471	0.052203	0.001751
11.434602	609.024672	0.052685	0.002231
11.433084	608.944872	0.051324	0.002034
11.431566	608.865072	0.050793	0.002040
11.430048	608.785271	0.050724	0.001595
11.428530	608.705470	0.050265	0.001899
11.427012	608.625669	0.049969	0.001683
11.425494	608.545867	0.048624	0.002115
11.423976	608.466065	0.049386	0.001692
11.422458	608.386262	0.049765	0.001982
11.420940	608.306459	0.047990	0.002115
11.419422	608.226656	0.046655	0.002156
11.417904	608.146852	0.047375	0.002223
11.416386	608.067047	0.046650	0.002148
11.414868	607.987242	0.046174	0.001774
11.413350	607.907437	0.046073	0.001729
11.411832	607.827631	0.045724	0.001907
11.410314	607.747825	0.044833	0.001701
11.408796	607.668019	0.045121	0.002059
11.407278	607.588212	0.044766	0.001922
11.405760	607.508404	0.042720	0.001959
11.404242	607.428597	0.043389	0.001659
11.402724	607.348788	0.043276	0.001254
11.401206	607.268980	0.042297	0.002225
11.399688	607.189171	0.041776	0.001495
11.398170	607.109361	0.042570	0.001977
11.396652	607.029551	0.041797	0.001381
11.395134	606.949741	0.041635	0.001492
11.393616	606.869930	0.040674	0.001882
11.392098	606.790119	0.040218	0.001364
11.390580	606.710307	0.040093	0.001666
11.389062	606.630495	0.039119	0.001982
11.387544	606.550682	0.039317	0.001472
11.386026	606.470870	0.039052	0.001450
11.384508	606.391056	0.038297	0.001360
11.382990	606.311242	0.037796	0.001787
11.381472	606.231428	0.038119	0.001841
11.379954	606.151614	0.037464	0.001766
11.378436	606.071799	0.036286	0.001726
11.376918	605.991983	0.036743	0.001385
11.375400	605.912167	0.036599	0.001729
11.373882	605.832351	0.035980	0.001418
11.372364	605.752534	0.035300	0.001549
11.370846	605.672717	0.035192	0.001591
11.369328	605.592899	0.034917	0.001633
11.367810	605.513081	0.035220	0.001640
11.366292	605.433263	0.034263	0.001342
11.364774	605.353444	0.033356	0.001443
11.363256	605.273625	0.033492	0.001244
11.361738	605.193805	0.033378	0.001358
11.360220	605.113985	0.033320	0.001999
11.358702	605.034164	0.032873	0.001672
11.357184	604.954343	0.033038	0.001415
11.355666	604.874522	0.031752	0.001783
11.354148	604.794700	0.031397	0.001501
11.352630	604.714878	0.031811	0.001655
11.351112	604.635055	0.031456	0.001361
11.349594	604.555232	0.030541	0.001644
11.348076	604.475408	0.030602	0.001460
11.346558	604.395584	0.030055	0.001606
11.345040	604.315760	0.029688	0.001479
11.343522	604.235935	0.029369	0.001473
11.342004	604.156110	0.028968	0.001370
11.340486	604.076284	0.029278	0.001443
11.338968	603.996458	0.028795	0.001310
11.337450	603.916631	0.029036	0.001514
11.335932	603.836804	0.028105	0.001206
11.334414	603.756977	0.028553	0.001315
11.332896	603.677149	0.027686	0.001340
11.331378	603.597321	0.027156	0.001407
11.329860	603.517492	0.027542	0.001461
11.328342	603.437663	0.027370	0.000919
11.326824	603.357834	0.026347	0.001177
11.325306	603.278004	0.026259	0.001394
11.323788	603.198174	0.026452	0.001556
11.322270	603.118343	0.025863	0.001094
11.320752	603.038512	0.025343	0.001662
11.319234	602.958680	0.025166	0.001832
11.317716	602.878848	0.025483	0.001376
11.316198	602.799016	0.024608	0.001572
11.314680	602.719183	0.025020	0.001440
11.313162	602.639349	0.025296	0.001555
11.311644	602.559516	0.024353	0.001710
11.310126	602.479682	0.023672	0.001250
11.308608	602.399847	0.023709	0.001177
11.307090	602.320012	0.023854	0.001276
11.305572	602.240177	0.022894	0.001181
11.304054	602.160341	0.023620	0.001189
11.302536	602.080505	0.022804	0.001350
11.301018	602.000668	0.022786	0.001476
11.299500	601.920831	0.022401	0.001424
11.297982	601.840993	0.022547	0.001402
11.296464	601.761155	0.022114	0.001123
11.294946	601.681317	0.021723	0.001322
11.293428	601.601478	0.021563	0.001347
11.291910	601.521639	0.022144	0.001282
11.290392	601.441799	0.020978	0.001425
11.288874	601.361959	0.021661	0.001353
11.287356	601.282119	0.021020	0.000965
11.285838	601.202278	0.020223	0.001534
11.284320	601.122436	0.020491	0.001259
11.282802	601.042595	0.020454	0.001054
11.281284	600.962753	0.020025	0.001278
11.279766	600.882910	0.020780	0.001319
11.278248	600.803067	0.019986	0.001165
11.276730	600.723223	0.019990	0.001204
11.275212	600.643380	0.019561	0.000988
11.273694	600.563535	0.019390	0.000909
11.272176	600.483691	0.019543	0.000916
11.270658	600.403846	0.019075	0.001028
11.269140	600.324000	0.018229	0.001279
11.267622	600.244154	0.018510	0.001288
11.266104	600.164308	0.018731	0.001104
11.264586	600.084461	0.018500	0.001384
11.263068	600.004614	0.018828	0.000934
11.261550	599.924766	0.018307	0.000962
11.260032	599.844918	0.017640	0.001122
11.258514	599.765069	0.017288	0.001046
11.256996	599.685220	0.017274	0.000988
11.255478	599.605371	0.017118	0.000750
11.253960	599.525521	0.017137	0.001108
11.252442	599.445671	0.017209	0.001148
11.250924	599.365821	0.017416	0.001062
11.249406	599.285970	0.017160	0.000964
11.247888	599.206118	0.016367	0.000908
11.246370	599.126266	0.016407	0.000956
11.244852	599.046414	0.016372	0.000940
11.243334	598.966561	0.016137	0.001037
11.241816	598.886708	0.015621	0.000948
11.240298	598.806855	0.015708	0.000959
11.238780	598.727001	0.015674	0.001120
11.237262	598.647146	0.015265	0.001025
11.235744	598.567292	0.014784	0.001076
11.234226	598.487436	0.015311	0.001050
11.232708	598.407581	0.014924	0.000887
11.231190	598.327725	0.014997	0.000954
11.229672	598.247868	0.014330	0.000759
11.228154	598.168011	0.014957	0.000936
11.226636	598.088154	0.014870	0.000926
11.225118	598.008296	0.013998	0.001019
11.223600	597.928438	0.014258	0.000883
11.222082	597.848579	0.014304	0.001128
11.220564	597.768720	0.014278	0.001055
11.219046	597.688861	0.014178	0.000929
11.217528	597.609001	0.014212	0.000978
11.216010	597.529141	0.013501	0.000666
11.214492	597.449280	0.013741	0.001132
11.212974	597.369419	0.013794	0.001088
11.211456	597.289558	0.013350	0.000956
11.209938	597.209696	0.013086	0.001249
11.208420	597.129833	0.013120	0.001052
11.206902	597.049971	0.013081	0.001113
11.205384	596.970107	0.012969	0.000947
11.203866	596.890244	0.012685	0.001088
11.202348	596.810380	0.013030	0.000730
11.200830	596.730515	0.012224	0.000722
11.199312	596.650650	0.012159	0.000747
11.197794	596.570785	0.012193	0.000968
11.196276	596.490919	0.012287	0.000785
11.194758	596.411053	0.011741	0.000844
11.193240	596.331187	0.012375	0.001132
11.191722	596.251320	0.011585	0.000867
11.190204	596.171452	0.011922	0.000644
11.188686	596.091585	0.011654	0.000806
11.187168	596.011716	0.011767	0.001053
11.185650	595.931848	0.012011	0.000906
11.184132	595.851979	0.011401	0.000789
11.182614	595.772109	0.011219	0.000830
11.181096	595.692239	0.011391	0.000932
11.179578	595.612369	0.011058	0.000833
11.178060	595.532498	0.011197	0.000803
11.176542	595.452627	0.010510	0.000830
11.175024	595.372756	0.010990	0.000900
11.173506	595.292884	0.010376	0.000912
11.171988	595.213011	0.010633	0.000758
11.170470	595.133138	0.010897	0.000804
11.168952	595.053265	0.010355	0.000806
11.167434	594.973391	0.010599	0.000850
11.165916	594.893517	0.010536	0.000941
11.164398	594.813643	0.010368	0.000758
11.162880	594.733768	0.009873	0.000860
11.161362	594.653893	0.009882	0.000862
11.159844	594.574017	0.009688	0.000755
11.158326	594.494141	0.010101	0.000744
11.156808	594.414264	0.009601	0.000964
11.155290	594.334387	0.009923	0.000945
11.153772	594.254510	0.009515	0.000761
11.152254	594.174632	0.009738	0.000823
11.150736	594.094754	0.009623	0.000738
11.149218	594.014875	0.009457	0.000960
11.147700	593.934996	0.009283	0.000712
11.146182	593.855117	0.009234	0.001054
11.144664	593.775237	0.009496	0.000874
11.143146	593.695356	0.009109	0.000903
11.141628	593.615476	0.008942	0.000668
11.140110	593.535594	0.008919	0.000882
11.138592	593.455713	0.009051	0.000669
11.137074	593.375831	0.008613	0.000657
11.135556	593.295948	0.008810	0.000714
11.134038	593.216066	0.008502	0.000764
11.132520	593.136182	0.008686	0.000764
11.131002	593.056299	0.008734	0.000655
11.129484	592.976415	0.008516	0.000857
11.127966	592.896530	0.008351	0.000760
11.126448	592.816645	0.008212	0.000763
11.124930	592.736760	0.008305	0.000575
11.123412	592.656874	0.008295	0.000654
11.121894	592.576988	0.007813	0.000732
11.120376	592.497101	0.007610	0.000676
11.118858	592.417214	0.007949	0.000813
11.117340	592.337327	0.007429	0.000754
11.115822	592.257439	0.008142	0.000665
11.114304	592.177551	0.007752	0.000794
11.112786	592.097662	0.007568	0.000692
11.111268	592.017773	0.007732	0.000857
11.109750	591.937884	0.007587	0.000705
11.108232	591.857994	0.007603	0.000618
11.106714	591.778104	0.007413	0.000680
11.105196	591.698213	0.007179	0.000611
11.103678	591.618322	0.007439	0.000717
11.102160	591.538430	0.007500	0.000825
11.100642	591.458538	0.007253	0.000676
11.099124	591.378646	0.007013	0.000712
11.097606	591.298753	0.007023	0.000619
11.096088	591.218860	0.007129	0.000782
11.094570	591.138966	0.006818	0.000609
11.093052	591.059072	0.006828	0.000705
11.091534	590.979178	0.006953	0.000819
11.090016	590.899283	0.006764	0.000568
11.088498	590.819387	0.006576	0.000707
11.086980	590.739492	0.006695	0.000618
11.085462	590.659596	0.006487	0.000653
11.083944	590.579699	0.006587	0.000586
11.082426	590.499802	0.006705	0.000548
11.080908	590.419905	0.006537	0.000515
11.079390	590.340007	0.006489	0.000661
11.077872	590.260109	0.006640	0.000806
11.076354	590.180210	0.006477	0.000632
11.074836	590.100311	0.006162	0.000593
11.073318	590.020412	0.006268	0.000631
11.071800	589.940512	0.006234	0.000544
11.070282	589.860612	0.005900	0.000500
11.068764	589.780711	0.006165	0.000666
11.067246	589.700810	0.006086	0.000557
11.065728	589.620908	0.006115	0.000615
11.064210	589.541006	0.005852	0.000746
11.062692	589.461104	0.005812	0.000585
11.061174	589.381201	0.006298	0.000687
11.059656	589.301298	0.005712	0.000618
11.058138	589.221394	0.005500	0.000616
11.056620	589.141490	0.005897	0.000541
11.055102	589.061586	0.005774	0.000716
11.053584	588.981681	0.005791	0.000710
11.052066	588.901776	0.005636	0.000628
11.050548	588.821870	0.005583	0.000513
11.049030	588.741964	0.005727	0.000517
11.047512	588.662058	0.005465	0.000563
11.045994	588.582151	0.005115	0.000611
11.044476	588.502244	0.005549	0.000470
11.042958	588.422336	0.005515	0.000514
11.041440	588.342428	0.005601	0.000595
11.039922	588.262519	0.005214	0.000556
11.038404	588.182610	0.005395	0.000471
11.036886	588.102701	0.005033	0.000552
11.035368	588.022791	0.005163	0.000591
11.033850	587.942881	0.005224	0.000575
11.032332	587.862970	0.005033	0.000612
11.030814	587.783059	0.004981	0.000442
11.029296	587.703148	0.004960	0.000418
11.027778	587.623236	0.004719	0.000484
11.026260	587.543324	0.004949	0.000556
11.024742	587.463411	0.004891	0.000503
11.023224	587.383498	0.005008	0.000432
11.021706	587.303585	0.004899	0.000458
11.020188	587.223671	0.004696	0.000530
11.018670	587.143756	0.004651	0.000508
11.017152	587.063842	0.004712	0.000539
11.015634	586.983927	0.004697	0.000624
11.014116	586.904011	0.004789	0.000627
11.012598	586.824095	0.004693	0.000516
11.011080	586.744179	0.004691	0.000501
11.009562	586.664262	0.004758	0.000578
11.008044	586.584345	0.004581	0.000427
11.006526	586.504427	0.004260	0.000504
11.005008	586.424509	0.004502	0.000494
11.003490	586.344591	0.004357	0.000607
11.001972	586.264672	0.004336	0.000474
11.000454	586.184753	0.004653	0.000528
10.998936	586.104833	0.004395	0.000518
10.997418	586.024913	0.004344	0.000530
10.995900	585.944992	0.004242	0.000506
10.994382	585.865071	0.004128	0.000504
10.992864	585.785150	0.004226	0.000419
10.991346	585.705228	0.004293	0.000499
10.989828	585.625306	0.004130	0.000476
10.988310	585.545384	0.003848	0.000456
10.986792	585.465461	0.004114	0.000452
10.985274	585.385537	0.003913	0.000402
10.983756	585.305614	0.003949	0.000406
10.982238	585.225689	0.003848	0.000423
10.980720	585.145765	0.003915	0.000383
10.979202	585.065840	0.003938	0.000489
10.977684	584.985914	0.003725	0.000456
10.976166	584.905989	0.003904	0.000453
10.974648	584.826062	0.003803	0.000444
10.973130	584.746136	0.003857	0.000502
10.971612	584.666209	0.003924	0.000445
10.970094	584.586281	0.003867	0.000430
10.968576	584.506353	0.003704	0.000557
10.967058	584.426425	0.003870	0.000561
10.965540	584.346496	0.003695	0.000409
10.964022	584.266567	0.003700	0.000354
10.962504	584.186638	0.003686	0.000434
10.960986	584.106708	0.003678	0.000524
10.959468	584.026777	0.003572	0.000467
10.957950	583.946847	0.003638	0.000432
10.956432	583.866915	0.003588	0.000439
10.954914	583.786984	0.003469	0.000475
10.953396	583.707052	0.003523	0.000460
10.951878	583.627119	0.003466	0.000431
10.950360	583.547187	0.003459	0.000451
10.948842	583.467253	0.003593	0.000490
10.947324	583.387320	0.003468	0.000363
10.945806	583.307386	0.003529	0.000409
10.944288	583.227451	0.003300	0.000406
10.942770	583.147516	0.003544	0.000337
10.941252	583.067581	0.003334	0.000415
10.939734	582.987645	0.003314	0.000434
10.938216	582.907709	0.003196	0.000483
10.936698	582.827773	0.003305	0.000369
10.935180	582.747836	0.003280	0.000455
10.933662	582.667899	0.003082	0.000491
10.932144	582.587961	0.002995	0.000462
10.930626	582.508023	0.003073	0.000443
10.929108	582.428084	0.002956	0.000504
10.927590	582.348145	0.003077	0.000505
10.926072	582.268206	0.003346	0.000425
10.924554	582.188266	0.003265	0.000539
10.923036	582.108326	0.003153	0.000522
10.921518	582.028386	0.002981	0.000431
10.920000	581.948445	0.003041	0.000480
