Frequency [Hz]   COH [a.u.]   Phase [rad]
0.00000000       0.79926331       0.00000000
0.097656250       0.72243078     -0.064103775
0.19531250       0.72774301      -0.28994915
0.29296875       0.70475755      -0.47879666
0.39062500       0.70592158      -0.78490347
0.48828125       0.73318977      -0.86385489
0.58593750       0.66239986      -0.68224978
0.68359375       0.66314546      -0.75042069
0.78125000       0.63659505       -1.0501021
0.87890625       0.54373805       -1.2971752
0.97656250       0.45155296       -1.3731791
1.0742188       0.62845505       -1.1306919
1.1718750       0.56699421       -1.1697489
1.2695313       0.60245643       -1.1834348
1.3671875       0.63723588       -1.4326483
1.4648438       0.65669373       -1.4952418
1.5625000       0.67059005       -1.8401570
1.6601563       0.69258051       -1.6437610
1.7578125       0.65911234       -1.6057999
1.8554688       0.62917089       -1.7563213
1.9531250       0.59210748       -2.3158507
2.0507813       0.33490076       -2.1596482
2.1484375       0.34866236       -1.8194551
2.2460938       0.36608573       -2.3292186
2.3437500       0.38144626       -2.4996207
2.4414063       0.32852106       -2.5860112
2.5390625       0.43996096       -2.4732032
2.6367188       0.44066636       -2.0148194
2.7343750       0.47113174       -2.0240719
2.8320313       0.47843363       -2.0958164
2.9296875       0.56330126       -2.4665437
3.0273438       0.58515697       -2.6603749
3.1250000       0.43733788       -2.5797129
3.2226563       0.45394347       -2.4862199
3.3203125       0.49859838       -2.6245420
3.4179688       0.44162115       -2.6287918
3.5156250       0.36062804       -2.8549736
3.6132813       0.44218506       -3.0748549
3.7109375       0.42214373       -3.1350169
3.8085938       0.37755578       -3.0978305
3.9062500       0.40138285       -2.9964387
4.0039063       0.45127630        3.1360638
4.1015625       0.27088715        3.0417747
4.1992188       0.29161128       -2.9678679
4.2968750       0.41969641        3.0671554
4.3945313       0.48829233        2.9749238
4.4921875       0.47631591        2.6941679
4.5898438       0.39959238        2.9037125
4.6875000       0.40712896        2.6685488
4.7851563       0.38005865        2.4701612
4.8828125       0.30774070        2.2607522
4.9804688       0.25839220        2.2249229
5.0781250       0.27879338        2.3670475
5.1757813       0.31253312        2.5482085
5.2734375       0.19281899        2.2361233
5.3710938       0.17663912        2.2562709
5.4687500       0.41855690        2.3598740
5.5664063       0.51323755        2.1348953
5.6640625       0.34508129        2.3041313
5.7617188       0.23067687        2.8117640
5.8593750       0.28948669        2.6794546
5.9570313       0.19601824        2.3571336
6.0546875       0.18647649        1.9440266
6.1523438       0.30195670        1.6012110
6.2500000       0.19609834        2.2111592
6.3476563       0.19784494        1.1419411
6.4453125       0.24013617       0.99361980
6.5429688       0.27117874        1.1403389
6.6406250       0.24141067       0.69739920
6.7382813       0.24648435       0.72587556
6.8359375       0.15881090       0.66925436
6.9335938       0.33119789        1.2264016
7.0312500       0.32192730       0.71666086
7.1289063       0.30928334       0.35976189
7.2265625       0.40684649       0.47899637
7.3242188       0.33704198       0.64057541
7.4218750       0.31605452       0.22162834
7.5195313       0.28566152       0.33336774
7.6171875       0.32514552       0.73363090
7.7148438       0.26455370       0.25194961
7.8125000       0.22650126     0.0059794392
7.9101563       0.29179256       0.30438390
8.0078125       0.30066446     -0.020867189
8.1054688       0.43002622      -0.54972577
8.2031250       0.20467495     -0.060083844
8.3007813       0.26127119       0.11567870
8.3984375       0.27704074      0.028587047
8.4960938       0.23923388      -0.41746923
8.5937500       0.22539293      -0.19372074
8.6914063       0.37883684      -0.17008241
8.7890625       0.37979105      -0.28901052
8.8867188      0.065226974      -0.42096290
8.9843750      0.093836861      -0.71262407
9.0820313       0.22475006      -0.14796087
9.1796875       0.24322130       0.17345518
9.2773438       0.19610884      -0.20318584
9.3750000       0.27319769      0.067251526
9.4726563       0.37370283      0.035682365
9.5703125       0.40014016      -0.19143750
9.6679688       0.27231039     -0.092304066
9.7656250       0.23388012      -0.17500277
9.8632813       0.22335214    -0.0056313123
9.9609375       0.31322446       0.20451631
10.058594       0.27346178      -0.20225307
10.156250       0.23443678      0.047339644
10.253906       0.29858928      -0.22309014
10.351563       0.33812282      -0.10579265
10.449219       0.44731076      -0.17991138
10.546875       0.35079051      -0.65489876
10.644531       0.20084766       -1.3472654
10.742188       0.21977323     -0.044647727
10.839844       0.39670277      0.074446708
10.937500       0.31964042      -0.14507109
11.035156       0.35305509      0.095591053
11.132813       0.39887020       0.10724866
11.230469       0.48389998       0.13482277
11.328125       0.34686407   -0.00069148513
11.425781       0.28392916       0.18454498
11.523438       0.32179747       0.26825693
11.621094       0.29136896     -0.022917137
11.718750       0.30561892      -0.38503441
11.816406       0.20627381      -0.76883119
11.914063       0.43193625      0.013013448
12.011719       0.41810354       0.10179138
12.109375       0.41936526      -0.28802910
12.207031       0.39695553      -0.32980469
12.304688       0.44271575      -0.38224056
12.402344       0.46143281      -0.69057781
12.500000       0.37551006      -0.57233536
12.597656       0.35216832      -0.30530724
12.695313       0.35793736       0.26519880
12.792969       0.53362374      -0.15911599
12.890625       0.41955290      -0.24979965
12.988281       0.25581641      -0.52581161
13.085938       0.30175700      -0.26514688
13.183594       0.31517974      -0.27782494
13.281250       0.27672657      -0.30200577
13.378906       0.17959650      -0.44662708
13.476563       0.21152132      -0.46148759
13.574219       0.31694229      0.022543715
13.671875       0.29659781      0.040995140
13.769531       0.31462613       0.16262533
13.867188       0.45877491      -0.36690551
13.964844       0.44757950      -0.28924006
14.062500       0.32895653      -0.14713670
14.160156       0.42893339      -0.19953276
14.257813       0.25180316      -0.44719493
14.355469       0.23757953      -0.36880970
14.453125       0.29854075       0.14203115
14.550781       0.44207103      -0.18934549
14.648438       0.39288341      -0.25566703
14.746094       0.30717986       0.19086725
14.843750       0.41717276     -0.028927309
14.941406       0.40757568     -0.056229427
15.039063       0.48439608      0.092651732
15.136719       0.47160020      0.032599736
15.234375       0.48908669       0.19977508
15.332031       0.42233107     -0.030600632
15.429688       0.44032030      -0.20552732
15.527344       0.44606609       0.16759554
15.625000       0.46025642      0.060042650
15.722656       0.42628074      0.050170857
15.820313       0.44596875      -0.20414571
15.917969       0.45140649      -0.33701760
16.015625       0.36329076     -0.095427252
16.113281       0.39900903       0.32957315
16.210938       0.40492135       0.34317467
16.308594       0.36451882      0.049911171
16.406250       0.42435181     0.0040222821
16.503906       0.34707406      -0.27079669
16.601563       0.38972274   -0.00084545574
16.699219       0.51564565     -0.015925149
16.796875       0.47653260      -0.22865827
16.894531       0.42270264      -0.24487376
16.992188       0.48008208      -0.13732906
17.089844       0.54505116      -0.10143727
17.187500       0.50590865    -0.0093659256
17.285156       0.46390121     -0.054243747
17.382813       0.30748108     -0.030553997
17.480469       0.35644682     -0.049515352
17.578125       0.42974292      -0.10133018
17.675781       0.51348160       0.21891794
17.773438       0.36329326     -0.070251420
17.871094       0.30413322      -0.38951755
17.968750       0.42096757       0.17613252
18.066406       0.48346615      0.033280615
18.164063       0.36522487       0.16728936
18.261719       0.32824054      0.099206686
18.359375       0.41395583     -0.082230479
18.457031       0.53319012       0.10037517
18.554688       0.56777358      0.098068401
18.652344       0.39316478     -0.098838925
18.750000       0.44354734       0.22792380
18.847656       0.53889322       0.24273413
18.945313       0.44622628       0.21348037
19.042969       0.43064837     -0.042280111
19.140625       0.42006632      0.069498077
19.238281       0.35875992       0.27588013
19.335938       0.34513812       0.25268245
19.433594       0.46448049      -0.28481284
19.531250       0.43588490       0.27558053
19.628906       0.46965417       0.46881339
19.726563       0.44467521      0.019922800
19.824219       0.39955043     -0.014298063
19.921875       0.40550249     -0.018462222
20.019531       0.44685238       0.13016273
20.117188       0.44168232       0.17131683
20.214844       0.55111828       0.17909247
20.312500       0.57973107       0.15252000
20.410156       0.49041148      0.068638079
20.507813       0.45522175      -0.13460112
20.605469       0.42943744      0.099616513
20.703125       0.39906802     -0.029673902
20.800781       0.51098215      -0.27114421
20.898438       0.43336866      -0.29136899
20.996094       0.45250706     -0.040588785
21.093750       0.44966390      -0.15785684
21.191406       0.50608832      -0.10750695
21.289063       0.51582631   -0.00088119408
21.386719       0.49764257      -0.22014867
21.484375       0.46037131      -0.35568050
21.582031       0.48740957      -0.19377649
21.679688       0.47458018      0.044586357
21.777344       0.37957973      -0.12976439
21.875000       0.42002407      -0.20794888
21.972656       0.43272804     -0.077658989
22.070313       0.35860623     -0.034275159
22.167969       0.53271016       0.16917966
22.265625       0.44293922       0.19519480
22.363281       0.41203506      0.086840123
22.460938       0.52687815      -0.10918488
22.558594       0.58379678      0.013832766
22.656250       0.44351586      -0.25112361
22.753906       0.47841878     -0.066082358
22.851563       0.58672938     0.0022254689
22.949219       0.47719988      -0.15174134
23.046875       0.40137322      -0.23981804
23.144531       0.45972748      -0.23789589
23.242188       0.53839123      -0.20045406
23.339844       0.56485085     -0.033302981
23.437500       0.56643127       0.27096164
23.535156       0.51165007       0.14916165
23.632813       0.44981591      -0.21479388
23.730469       0.46782753     -0.029116193
23.828125       0.44591412      0.011390296
23.925781       0.52141263      -0.13063936
24.023438       0.51801688     -0.069347598
24.121094       0.47921629       0.19804533
24.218750       0.51922546       0.21449557
24.316406       0.45597271     -0.029771425
24.414063       0.48695940     -0.066571839
24.511719       0.57465736      0.099397533
24.609375       0.39880140       0.18770818
24.707031       0.50314935      0.099621095
24.804688       0.53012823     -0.081244603
24.902344       0.49711462       0.25090972
25.000000       0.49515165      0.095038265
25.097656       0.53660603    -0.0046539744
25.195313       0.47760702       0.17413120
25.292969       0.41135203       0.28324169
25.390625       0.39914360      0.016863292
25.488281       0.53723365      -0.14507276
25.585938       0.57622737     -0.025211213
25.683594       0.52555622       0.24821112
25.781250       0.50154001       0.10106871
25.878906       0.44108265     -0.025211470
25.976563       0.51892360      -0.25239787
26.074219       0.67138837      -0.24881497
26.171875       0.53190709     -0.090296030
26.269531       0.49175400     -0.048698626
26.367188       0.53621923      0.010583824
26.464844       0.55065327      0.015080681
26.562500       0.50993127     -0.096734762
26.660156       0.40874858    -0.0054863878
26.757813       0.43812525      0.026742976
26.855469       0.47713570     -0.026608024
26.953125       0.51847839      -0.24879539
27.050781       0.49001079     -0.089872643
27.148438       0.43103877      0.089027986
27.246094       0.47676888      -0.13190363
27.343750       0.43948477     -0.077396691
27.441406       0.37642280       0.16721493
27.539063       0.37062114       0.17294846
27.636719       0.37218311      0.017620647
27.734375       0.53287664       0.22591494
27.832031       0.51497872       0.10613952
27.929688       0.47240002     -0.075959079
28.027344       0.45192108      0.022244448
28.125000       0.47080472     -0.067940369
28.222656       0.51361326      0.078837097
28.320313       0.52249363       0.12870453
28.417969       0.45561456       0.17996749
28.515625       0.57569536      0.014963946
28.613281       0.48485996      -0.10595959
28.710938       0.52628059      0.042788833
28.808594       0.57593639       0.19540308
28.906250       0.52048443       0.18001644
29.003906       0.47008434       0.11075551
29.101563       0.43391579     -0.063864738
29.199219       0.46760647      0.096837856
29.296875       0.42049452      -0.10090307
29.394531       0.55896568      -0.22583652
29.492188       0.59069456      -0.12708293
29.589844       0.49172697      -0.20573056
29.687500       0.43676100      -0.23213509
29.785156       0.36514281      -0.26701355
29.882813       0.41733284      -0.47630775
29.980469       0.49828054      -0.75577128
30.078125       0.39168303      -0.89019805
30.175781       0.44241119      -0.83371067
30.273438       0.58926302      -0.91884470
30.371094       0.48002409      -0.80980891
30.468750       0.46892667      -0.26050413
30.566406       0.49336561     -0.015712285
30.664063       0.35773424       0.11307624
30.761719       0.47457306     -0.041307595
30.859375       0.58800399     -0.066019736
30.957031       0.63536504      -0.10677522
31.054688       0.56946232     -0.013994143
31.152344       0.42238803      0.054718401
31.250000       0.49412787      0.020600358
31.347656       0.55917907    -0.0080174413
31.445313       0.53705712     -0.075931557
31.542969       0.38316291      0.086353824
31.640625       0.31519993       0.14790167
31.738281       0.48009424      0.097480692
31.835938       0.53290007      0.051870745
31.933594       0.44692238     -0.060490910
32.031250       0.51646183      0.058780026
32.128906       0.54171674      0.059193656
32.226563       0.50050316       0.18370919
32.324219       0.63283463       0.28966945
32.421875       0.50399023       0.19740990
32.519531       0.41587920       0.13402002
32.617188       0.56939775       0.18511859
32.714844       0.61985725      0.058174636
32.812500       0.57084555      0.076849878
32.910156       0.47810609      0.029551622
33.007813       0.37614827      -0.15180178
33.105469       0.47961911      -0.13744330
33.203125       0.54974730       0.36951596
33.300781       0.47121369      0.014428388
33.398438       0.48578624     -0.078870729
33.496094       0.49983920      -0.13453658
33.593750       0.42229281      0.020298965
33.691406       0.32123947       0.13270172
33.789063       0.42363738       0.11661447
33.886719       0.53745233     -0.026159482
33.984375       0.54426684      0.029388703
34.082031       0.44541127       0.13364065
34.179688       0.44906484      -0.28147435
34.277344       0.54602137      -0.22178076
34.375000       0.50761755      -0.10094055
34.472656       0.55470151      0.040928334
34.570313       0.52556129      -0.11199176
34.667969       0.44732721       0.10035020
34.765625       0.49308842       0.16872397
34.863281       0.45150572     -0.096473664
34.960938       0.47141407      0.031718854
35.058594       0.47033200     -0.034869988
35.156250       0.41370858    -0.0018314391
35.253906       0.49633096       0.16884190
35.351563       0.64712441       0.12842990
35.449219       0.52036896       0.15341645
35.546875       0.47098715      0.051359743
35.644531       0.53501374      0.096570194
35.742188       0.57090081      0.032107614
35.839844       0.58568746     -0.082139723
35.937500       0.54554936      -0.17368703
36.035156       0.54061461      -0.14401713
36.132813       0.45074616       0.22209270
36.230469       0.46374633       0.25557852
36.328125       0.42712003       0.10668167
36.425781       0.43958272     -0.072568268
36.523438       0.41279979      -0.17310341
36.621094       0.46004827      -0.16722120
36.718750       0.49846836      -0.44070810
36.816406       0.49525393      -0.41012749
36.914063       0.55846205      -0.21956395
37.011719       0.52184612    -0.0041675945
37.109375       0.53095540       0.10569089
37.207031       0.53166538       0.16133457
37.304688       0.46024719       0.43482998
37.402344       0.44846490       0.20143983
37.500000       0.50431038     -0.068240099
37.597656       0.44474184      -0.20050791
37.695313       0.44023424     -0.043371122
37.792969       0.49904093     -0.023757201
37.890625       0.49125675     -0.040961988
37.988281       0.45763299      -0.14357658
38.085938       0.56614023      -0.22769412
38.183594       0.48182539      -0.33074641
38.281250       0.46168732      -0.27449977
38.378906       0.45171117      -0.10116704
38.476563       0.46429286       0.16594657
38.574219       0.53106535       0.23174584
38.671875       0.54456049       0.10733943
38.769531       0.49134454       0.16901453
38.867188       0.56473857      0.098405011
38.964844       0.49244439       0.37451595
39.062500       0.54272660       0.17866714
39.160156       0.55902012       0.15643245
39.257813       0.51618074     -0.014624518
39.355469       0.56306627      -0.17576712
39.453125       0.58644413      -0.10872289
39.550781       0.58612547     -0.062439855
39.648438       0.54239696      -0.10388011
39.746094       0.57442380      -0.16439149
39.843750       0.54648781      0.060568508
39.941406       0.43837440      0.061116263
40.039063       0.56123642      -0.15501219
40.136719       0.52729272      0.018265711
40.234375       0.47067144       0.12861592
40.332031       0.57413316      0.083359838
40.429688       0.51106564     -0.031615771
40.527344       0.43946890      -0.12603082
40.625000       0.47132515      -0.12451790
40.722656       0.52529704      -0.15239164
40.820313       0.55268191      -0.25126505
40.917969       0.52869250      -0.21068141
41.015625       0.56002395     -0.033721898
41.113281       0.48739159      0.033768337
41.210938       0.54523969     -0.014238070
41.308594       0.55086527      -0.25852165
41.406250       0.53788708      -0.33648956
41.503906       0.50231342     -0.092030808
41.601563       0.45588368     -0.040561020
41.699219       0.42784763      0.083024755
41.796875       0.33990158       0.10363294
41.894531       0.39730936      -0.12251722
41.992188       0.58952384      -0.18161996
42.089844       0.49623297      -0.14053826
42.187500       0.45766028     -0.062486980
42.285156       0.38659677     -0.066895403
42.382813       0.50489597    -0.0027499706
42.480469       0.42964885     -0.011758193
42.578125       0.44302905     -0.073452652
42.675781       0.47533382      -0.18448263
42.773438       0.54537217      -0.12116566
42.871094       0.60439434     -0.040904738
42.968750       0.61772312     -0.098139398
43.066406       0.56772238     -0.087014288
43.164063       0.59624828       0.18987298
43.261719       0.52357442     -0.018609466
43.359375       0.50562024      -0.26311916
43.457031       0.42073846      -0.11138839
43.554688       0.49650260       0.26835972
43.652344       0.51638667       0.22618258
43.750000       0.54848247     -0.020040138
43.847656       0.51494326     -0.058683209
43.945313       0.38874540     -0.077442460
44.042969       0.39229537       0.22478546
44.140625       0.50765134       0.12128954
44.238281       0.55100920      -0.16136780
44.335938       0.53401122       0.12453336
44.433594       0.51107535       0.21749397
44.531250       0.40166260       0.19265163
44.628906       0.44211066      0.025396483
44.726563       0.55844580      -0.11932753
44.824219       0.51708085      -0.12751262
44.921875       0.51541800     -0.098320305
45.019531       0.43302715     -0.099022895
45.117188       0.36751610       0.18225758
45.214844       0.47243740       0.15531848
45.312500       0.58560055      0.095478721
45.410156       0.53809146      -0.17194980
45.507813       0.46390568       0.11205890
45.605469       0.53482613       0.10143264
45.703125       0.53037465      0.034580704
45.800781       0.57560313      -0.14273997
45.898438       0.54858129      0.023576971
45.996094       0.35834037      -0.11324541
46.093750       0.36906535      -0.23962443
46.191406       0.52014945     -0.015068801
46.289063       0.46472874      -0.18939495
46.386719       0.38161825      -0.17878315
46.484375       0.50060570     0.0084722843
46.582031       0.51057738     -0.095495693
46.679688       0.34803383      0.049057733
46.777344       0.37993077      0.092127651
46.875000       0.50838238      -0.16087881
46.972656       0.45539369      -0.15056187
47.070313       0.38644795      -0.32553506
47.167969       0.35672647      0.015706409
47.265625       0.48708325    -0.0097314911
47.363281       0.51774020      0.012654794
47.460938       0.46392252      -0.31259960
47.558594       0.46478684      -0.59759772
47.656250       0.40890724      -0.34616590
47.753906       0.50799029      0.030697878
47.851563       0.52505767     -0.085222445
47.949219       0.54971818      0.053608261
48.046875       0.40497221     -0.078577533
48.144531       0.43790613      -0.18570238
48.242188       0.48605188      -0.26167053
48.339844       0.60273765      0.060688607
48.437500       0.55691343      0.064725019
48.535156       0.58819789       0.17582278
48.632813       0.64933472     -0.036856305
48.730469       0.67177688      -0.36253318
48.828125       0.66354586      -0.32511756
48.925781       0.65472371      -0.18640904
49.023438       0.64857287      -0.30429736
49.121094       0.57762593      -0.31031093
49.218750       0.60171209      -0.24824588
49.316406       0.67461965      -0.36388096
49.414063       0.53324227      -0.21107401
49.511719       0.54364066   -0.00036819695
49.609375       0.57750544      0.057266738
49.707031       0.46940062      0.083473787
49.804688       0.58343095      0.058359407
49.902344       0.30877902     -0.067778803
50.000000       0.25426658       0.00000000
